0300: 20 00 04 20 00 04 20 71
0308: 06 20 00 04 A9 00 85 00
0310: 85 01 85 05 85 08 85 09
0318: A9 05 85 02 A9 50 85 04
0320: A9 20 85 06 A9 01 85 07
0328: 20 00 04 20 72 07 20 00
0330: 04 20 12 06 24 08 10 10
0338: 24 05 30 12 20 00 04 20
0340: 31 08 A9 00 85 0A F0 06
0348: 20 00 05 20 2E 05 20 58
0350: 05 A5 04 D0 04 A9 00 85
0358: 09 20 B7 05 20 F7 05 A5
0360: 02 F0 03 4C 2E 03 A5 01
0368: F0 03 4C 2E 03 20 00 04
0370: 20 35 04 20 00 04 20 12
0378: 06 20 00 04 20 00 04 A5
0380: 04 F0 14 C9 03 90 10 C9
0388: 07 90 06 20 06 09 4C 9A
0390: 03 20 A9 08 4C 9A 03 20
0398: 71 08 20 00 04 20 00 04
03A0: 20 43 09 20 15 04 C9 59
03A8: F0 0C 20 00 04 20 00 04
03B0: 20 9A 09 4C 1F FF 4C 09
03B8: 03 A9 0D 20 EF FF A9 0A
03C0: 20 EF FF 60 A9 20 20 EF
03C8: FF 60 AD AD 12 D0 10 FB
03D0: AD 10 D0 29 7F 20 EF FF
03D8: 60 49 30 C9 0A 10 06 4C
03E0: E8 03 FA 90 03 29 0F 60
03E8: A9 FF 60 00 10 38 88 03
03F0: 00 00 08 01 80 08 20 00
03F8: 00 00 00 00 00 1C C4 00
0400: 48 A9 0D 20 EF FF A9 0A
0408: 20 EF FF 68 60 48 A9 20
0410: 20 EF FF 68 60 AD 11 D0
0418: 10 FB AD 10 D0 29 7F 20
0420: EF FF 60 49 30 C9 0A 30
0428: 06 4C 32 04 FA 90 03 29
0430: 0F 60 A9 99 60 20 00 04
0438: 20 53 08 20 00 04 60 A5
0440: 06 85 0A A9 FF 85 08 60
0448: 05 00 AA AE 01 00 00 00
0450: A9 8D A2 18 20 EF FF CA
0458: D0 FA 60 00 60 FF FF FF
0460: 97 90 CD 2B FF FF FF FF
0468: 8D D2 E6 D3 FF FF FF FF
0470: A5 4C 85 4D A9 00 85 4E
0478: 85 4F CE 4F 00 D0 FB CE
0480: 4E 00 D0 F6 CE 4D 00 D0
0488: F1 60 78 B7 FF FF FF FF
0490: 4B 50 FE FF FF FF F7 FF
0498: 36 BA CF FB FF FF 7F FF
04A0: B8 11 8A A7 FF FF FF FF
04A8: B0 56 3E F7 FF FF F3 FF
04B0: B5 55 35 72 FF FF FF FF
04B8: A3 36 8D 27 FF FF F7 FD
04C0: 57 6E B2 A7 FF FF F7 FF
04C8: 08 2C 9A 13 FF FF FF FF
04D0: C5 B3 3E BD FF FF FF FF
04D8: BD F1 CF 6B FF FF FF FF
04E0: 00 56 45 4D 45 4E 54 0D
04E8: 0A 0A 4D 41 58 49 4D 55
04F0: 4D 98 33 37 FF FF FF FF
04F8: F8 F4 FE AD FF FF BE FF
0500: 20 15 04 20 23 04 85 0B
0508: 20 15 04 C9 0D F0 1A 20
0510: 23 04 85 0C A5 0B 0A 0A
0518: 0A 0A 05 0C C9 31 B0 03
0520: 85 0A 60 20 67 09 4C 00
0528: 05 A5 0B 4C 1C 05 F8 38
0530: A5 06 E5 0A 85 0B A5 07
0538: E9 00 85 0C A5 07 C9 01
0540: F0 0C A5 06 C5 0A F0 02
0548: B0 04 20 3F 04 EA A5 0B
0550: 85 06 A5 0C 85 07 60 40
0558: F8 38 24 09 10 18 A5 04
0560: E9 05 85 0B C5 04 90 14
0568: 38 A9 00 E5 0B 85 04 A9
0570: 00 85 09 4C 7E 05 F8 18
0578: A5 04 69 05 85 04 24 09
0580: 10 09 18 A5 04 65 0A 85
0588: 04 D8 60 38 A5 04 E5 0A
0590: 85 0B A5 0A C9 00 F0 19
0598: A5 0B C5 04 F0 02 90 0D
05A0: 38 A9 00 E5 0B 85 04 A9
05A8: FF 85 09 D8 60 85 04 D8
05B0: 60 A5 0B 85 04 D8 60 F8
05B8: 38 24 09 30 25 A5 01 E5
05C0: 04 85 0B A5 02 F0 0B E9
05C8: 00 85 02 4C F1 05 A5 0B
05D0: F0 06 A5 01 C5 0B B0 04
05D8: A9 00 F0 02 A5 0B 85 01
05E0: D8 60 18 A5 01 65 04 85
05E8: 01 A5 02 69 00 85 02 D8
05F0: 60 A5 0B 85 01 D8 60 F8
05F8: 18 A5 00 69 01 85 00 D8
0600: 60 A0 00 B9 AD 09 20 EF
0608: FF C0 0A F0 04 C8 4C 03
0610: 06 60 20 0D 04 20 0D 04
0618: A5 00 20 DC FF A0 04 20
0620: 0D 04 88 D0 FA A5 02 20
0628: DC FF A5 01 20 DC FF A0
0630: 05 20 0D 04 88 D0 FA 24
0638: 09 30 07 A9 2D 20 EF FF
0640: D0 05 A9 2B 20 EF FF A5
0648: 04 20 DC FF 24 08 10 01
0650: 60 A0 06 20 0D 04 88 D0
0658: FA A5 07 20 DC FF A5 06
0660: 20 DC FF A0 05 20 0D 04
0668: 88 D0 FA A9 3F 20 EF FF
0670: 60 A9 84 8D 04 06 A9 06
0678: 8D 05 06 A9 ED 8D 0A 06
0680: 20 01 06 60 4C 55 4E 41
0688: 52 20 4C 41 4E 44 45 52
0690: 0D 0D 0A 4D 49 4E 55 53
0698: 20 56 45 4C 4F 43 49 54
06A0: 59 20 28 2D 29 20 4D 45
06A8: 41 4E 53 20 44 4F 57 4E
06B0: 57 41 52 44 0D 4D 4F 56
06B8: 45 4D 45 4E 54 0D 0D 50
06C0: 4C 55 53 20 20 56 45 4C
06C8: 4F 43 49 54 59 20 28 2B
06D0: 29 20 4D 45 41 4E 53 20
06D8: 55 50 57 41 52 44 20 4D
06E0: 4F 56 45 4D 45 4E 54 0D
06E8: 0A 0A 4D 41 58 49 4D 55
06F0: 4D 20 42 55 52 4E 20 49
06F8: 53 20 33 30 20 55 4E 49
0700: 54 53 2F 53 45 43 2E 20
0708: 20 28 42 55 52 4E 20 4D
0710: 41 59 20 42 45 20 41 4E
0718: 59 20 49 4E 54 45 47 45
0720: 52 20 46 52 4F 4D 20 30
0728: 20 54 4F 20 33 30 29 0D
0730: 0D 41 20 42 55 52 4E 20
0738: 4F 46 20 35 20 55 4E 49
0740: 54 53 2F 53 45 43 20 49
0748: 53 20 52 45 51 55 49 52
0750: 45 44 20 54 4F 0D 43 41
0758: 4E 43 45 4C 20 47 52 41
0760: 56 49 54 59 2E 0D 0D 0A
0768: 47 4F 4F 44 20 4C 55 43
0770: 4B 21 A9 85 8D 04 06 A9
0778: 07 8D 05 06 A9 80 8D 0A
0780: 06 20 01 06 60 43 4F 4E
0788: 54 52 4F 4C 20 54 4F 20
0790: 4C 55 4E 41 52 20 4D 4F
0798: 44 55 4C 45 3A 0D 0A 42
07A0: 45 47 49 4E 20 4C 41 4E
07A8: 44 49 4E 47 20 50 52 4F
07B0: 43 45 44 55 52 45 0D 0D
07B8: 0D 0A 20 54 49 4D 45 20
07C0: 20 48 45 49 47 48 54 20
07C8: 56 45 4C 4F 43 49 54 59
07D0: 20 46 55 45 4C 20 55 4E
07D8: 49 54 53 20 20 42 55 52
07E0: 4E 0D 0A 28 53 45 43 53
07E8: 29 20 28 46 45 45 54 29
07F0: 20 28 46 54 2F 53 45 43
07F8: 29 20 20 52 45 4D 41 49
0800: 4E 49 4E 47 0D 0A 00 00
0808: 00 00 00 20 28 46 45 45
0810: 54 29 00 00 00 00 20 20
0818: 28 46 54 2F 53 45 43 29
0820: 00 00 00 00 00 00 00 20
0828: 52 45 4D 41 49 4E 49 4E
0830: 47 A9 48 8D 04 06 A9 08
0838: 8D 05 06 A9 0A 8D 0A 06
0840: 20 01 06 A9 FF 85 05 60
0848: 4F 55 54 20 4F 46 20 46
0850: 55 45 4C A9 66 8D 04 06
0858: A9 08 8D 05 06 A9 0A 8D
0860: 0A 06 20 01 06 60 4F 4E
0868: 20 54 48 45 20 4D 4F 4F
0870: 4E A9 84 8D 04 06 A9 08
0878: 8D 05 06 A9 24 8D 0A 06
0880: 20 01 06 60 50 45 52 46
0888: 45 43 54 20 4C 41 4E 44
0890: 49 4E 47 21 07 07 07 07
0898: 0D 0A 43 4F 4E 47 52 41
08A0: 54 55 4C 41 54 49 4F 4E
08A8: 53 A9 BC 8D 04 06 A9 08
08B0: 8D 05 06 A9 49 8D 0A 06
08B8: 20 01 06 60 57 45 4C 4C
08C0: 2C 20 59 4F 55 20 47 4F
08C8: 54 20 44 4F 57 4E 20 41
08D0: 4C 49 56 45 2C 20 42 55
08D8: 54 20 44 41 4D 41 47 45
08E0: 20 54 4F 20 59 4F 55 52
08E8: 20 43 52 41 46 54 20 0A
08F0: 48 41 53 20 53 54 52 41
08F8: 4E 44 45 44 20 59 4F 55
0900: 20 48 45 52 45 21 A9 19
0908: 8D 04 06 A9 09 8D 05 06
0910: A9 28 8D 0A 06 20 01 06
0918: 60 59 4F 55 20 4A 55 53
0920: 54 20 43 52 45 41 4D 45
0928: 44 20 41 20 32 39 20 4D
0930: 45 47 41 42 55 43 4B 20
0938: 4C 41 4E 44 45 52 21 07
0940: 07 07 07 A9 56 8D 04 06
0948: A9 09 8D 05 06 A9 10 8D
0950: 0A 06 20 01 06 60 54 52
0958: 59 20 41 47 41 49 4E 3F
0960: 20 20 28 59 2F 4E 29 20
0968: 00 04 A9 7D 8D 04 06 A9
0970: 09 8D 05 06 A9 1C 8D 0A
0978: 06 20 01 06 60 42 55 52
0980: 4E 20 4F 55 54 20 4F 46
0988: 20 52 41 4E 47 45 2E 20
0990: 20 20 20 20 42 55 52 4E
0998: 20 3F A9 AD 8D 04 06 A9
09A0: 09 8D 05 06 A9 0A 8D 0A
09A8: 06 20 01 06 60 43 4F 4E
09B0: 54 52 4F 4C 20 4F 55 54
09B8: FF 00 00 00 00 00 00 00
09C0: 00 00 00 00 00 00 00 00
09C8: 00 00 00 00 00 00 00 00
09D0: 00 00 00 00 00 00 00 00
09D8: 00 00 00 00 00 00 00 00
09E0: 00 00 00 00 00 00 00 00
09E8: 00 00 00 00 00 00 00 00
09F0: 00 00 00 00 00 00 00 00
09F8: 00 00 00 00 00 00 00 00
0A00: 00 00 00 00 00 00 00 00
0A08: 00 00 00 00 00 00 00 00
0A10: 00 00 00 00 00 00 00 00
0A18: 00 00 00 00 00 00 00 00
0A20: 00 00 00 00 00 00 00 00
0A28: 00 00 00 00 00 00 00 00
0A30: 00 00 00 00 00 00 00 00
0A38: 00 00 00 00 00 00 00 00
0A40: 00 00 00 00 00 00 00 00
0A48: 00 00 00 00 00 00 00 00
0A50: 00 00 00 00 00 00 00 00
0A58: 00 00 00 00 00 00 00 00
0A60: 00 00 00 00 00 00 00 00
0A68: 00 00 00 00 00 00 00 00
0A70: 00 00 00 00 00 00 00 00
0A78: 00 00 00 00 00 00 00 00
0A80: 00 00 00 00 00 00 00 00
0A88: 00 00 00 00 00 00 00 00
0A90: 00 00 00 00 00 00 00 00
0A98: 00 00 00 00 00 00 00 00
0AA0: 00 00 00 00 00 00 00 00
0AA8: 00 00 00 00 00 00 00 00
0AB0: 00 00 00 00 00 00 00 00
0AB8: 00 00 00 00 00 00 00 00
0AC0: 00 00 00 00 00 00 00 00
0AC8: 00 00 00 00 00 00 00 00
0AD0: 00 00 00 00 00 00 00 00
0AD8: 00 00 00 00 00 00 00 00
0AE0: 00 00 00 00 00 00 00 00
0AE8: 00 00 00 00 00 00 00 00
0AF0: 00 00 00 00 00 00 00 00
0AF8: 00 00 00 00 00 00 00 00
0B00: 00 00 00 00 00 00 00 00
0B08: 00 00 00 00 00 00 00 00
0B10: 00 00 00 00 00 00 00 00
0B18: 00 00 00 00 00 00 00 00
0B20: 00 00 00 00 00 00 00 00
0B28: 00 00 00 00 00 00 00 00
0B30: 00 00 00 00 00 00 00 00
0B38: 00 00 00 00 00 00 00 00
0B40: 00 00 00 00 00 00 00 00
0B48: 00 00 00 00 00 00 00 00
0B50: 00 00 00 00 00 00 00 00
0B58: 00 00 00 00 00 00 00 00
0B60: 00 00 00 00 00 00 00 00
0B68: 00 00 00 00 00 00 00 00
0B70: 00 00 00 00 00 00 00 00
0B78: 00 00 00 00 00 00 00 00
0B80: 00 00 00 00 00 00 00 00
0B88: 00 00 00 00 00 00 00 00
0B90: 00 00 00 00 00 00 00 00
0B98: 00 00 00 00 00 00 00 00
0BA0: 00 00 00 00 00 00 00 00
0BA8: 00 00 00 00 00 00 00 00
0BB0: 00 00 00 00 00 00 00 00
0BB8: 00 00 00 00 00 00 00 00
0BC0: 00 00 00 00 00 00 00 00
0BC8: 00 00 00 00 00 00 00 00
0BD0: 00 00 00 00 00 00 00 00
0BD8: 00 00 00 00 00 00 00 00
0BE0: 00 00 00 00 00 00 00 00
0BE8: 00 00 00 00 00 00 00 00
0BF0: 00 00 00 00 00 00 00 00
0BF8: 00 00 00 00 00 00 00 00
0C00: 00 00 00 00 00 00 00 00
0C08: 00 00 00 00 00 00 00 00
0C10: 00 00 00 00 00 00 00 00
0C18: 00 00 00 00 00 00 00 00
0C20: 00 00 00 00 00 00 00 00
0C28: 00 00 00 00 00 00 00 00
0C30: 00 00 00 00 00 00 00 00
0C38: 00 00 00 00 00 00 00 00
0C40: 00 00 00 00 00 00 00 00
0C48: 00 00 00 00 00 00 00 00
0C50: 00 00 00 00 00 00 00 00
0C58: 00 00 00 00 00 00 00 00
0C60: 00 00 00 00 00 00 00 00
0C68: 00 00 00 00 00 00 00 00
0C70: 00 00 00 00 00 00 00 00
0C78: 00 00 00 00 00 00 00 00
0C80: 00 00 00 00 00 00 00 00
0C88: 00 00 00 00 00 00 00 00
0C90: 00 00 00 00 00 00 00 00
0C98: 00 00 00 00 00 00 00 00
0CA0: 00 00 00 00 00 00 00 00
0CA8: 00 00 00 00 00 00 00 00
0CB0: 00 00 00 00 00 00 00 00
0CB8: 00 00 00 00 00 00 00 00
0CC0: 00 00 00 00 00 00 00 00
0CC8: 00 00 00 00 00 00 00 00
0CD0: 00 00 00 00 00 00 00 00
0CD8: 00 00 00 00 00 00 00 00
0CE0: 00 00 00 00 00 00 00 00
0CE8: 00 00 00 00 00 00 00 00
0CF0: 00 00 00 00 00 00 00 00
0CF8: 00 00 00 00 00 00 00 00
0D00: 00 00 00 00 00 00 00 00
0D08: 00 00 00 00 00 00 00 00
0D10: 00 00 00 00 00 00 00 00
0D18: 00 00 00 00 00 00 00 00
0D20: 00 00 00 00 00 00 00 00
0D28: 00 00 00 00 00 00 00 00
0D30: 00 00 00 00 00 00 00 00
0D38: 00 00 00 00 00 00 00 00
0D40: 00 00 00 00 00 00 00 00
0D48: 00 00 00 00 00 00 00 00
0D50: 00 00 00 00 00 00 00 00
0D58: 00 00 00 00 00 00 00 00
0D60: 00 00 00 00 00 00 00 00
0D68: 00 00 00 00 00 00 00 00
0D70: 00 00 00 00 00 00 00 00
0D78: 00 00 00 00 00 00 00 00
0D80: 00 00 00 00 00 00 00 00
0D88: 00 00 00 00 00 00 00 00
0D90: 00 00 00 00 00 00 00 00
0D98: 00 00 00 00 00 00 00 00
0DA0: 00 00 00 00 00 00 00 00
0DA8: 00 00 00 00 00 00 00 00
0DB0: 00 00 00 00 00 00 00 00
0DB8: 00 00 00 00 00 00 00 00
0DC0: 00 00 00 00 00 00 00 00
0DC8: 00 00 00 00 00 00 00 00
0DD0: 00 00 00 00 00 00 00 00
0DD8: 00 00 00 00 00 00 00 00
0DE0: 00 00 00 00 00 00 00 00
0DE8: 00 00 00 00 00 00 00 00
0DF0: 00 00 00 00 00 00 00 00
0DF8: 00 00 00 00 00 00 00 00
0E00: 00 00 00 00 00 00 00 00
0E08: 00 00 00 00 00 00 00 00
0E10: 00 00 00 00 00 00 00 00
0E18: 00 00 00 00 00 00 00 00
0E20: 00 00 00 00 00 00 00 00
0E28: 00 00 00 00 00 00 00 00
0E30: 00 00 00 00 00 00 00 00
0E38: 00 00 00 00 00 00 00 00
0E40: 00 00 00 00 00 00 00 00
0E48: 00 00 00 00 00 00 00 00
0E50: 00 00 00 00 00 00 00 00
0E58: 00 00 00 00 00 00 00 00
0E60: 00 00 00 00 00 00 00 00
0E68: 00 00 00 00 00 00 00 00
0E70: 00 00 00 00 00 00 00 00
0E78: 00 00 00 00 00 00 00 00
0E80: 00 00 00 00 00 00 00 00
0E88: 00 00 00 00 00 00 00 00
0E90: 00 00 00 00 00 00 00 00
0E98: 00 00 00 00 00 00 00 00
0EA0: 00 00 00 00 00 00 00 00
0EA8: 00 00 00 00 00 00 00 00
0EB0: 00 00 00 00 00 00 00 00
0EB8: 00 00 00 00 00 00 00 00
0EC0: 00 00 00 00 00 00 00 00
0EC8: 00 00 00 00 00 00 00 00
0ED0: 00 00 00 00 00 00 00 00
0ED8: 00 00 00 00 00 00 00 00
0EE0: 00 00 00 00 00 00 00 00
0EE8: 00 00 00 00 00 00 00 00
0EF0: 00 00 00 00 00 00 00 00
0EF8: 00 00 00 00 00 00 00 00
0F00: 00 00 00 00 00 00 00 00
0F08: 00 00 00 00 00 00 00 00
0F10: 00 00 00 00 00 00 00 00
0F18: 00 00 00 00 00 00 00 00
0F20: 00 00 00 00 00 00 00 00
0F28: 00 00 00 00 00 00 00 00
0F30: 00 00 00 00 00 00 00 00
0F38: 00 00 00 00 00 00 00 00
0F40: 00 00 00 00 00 00 00 00
0F48: 00 00 00 00 00 00 00 00
0F50: 00 00 00 00 00 00 00 00
0F58: 00 00 00 00 00 00 00 00
0F60: 00 00 00 00 00 00 00 00
0F68: 00 00 00 00 00 00 00 00
0F70: 00 00 00 00 00 00 00 00
0F78: 00 00 00 00 00 00 00 00
0F80: 00 00 00 00 00 00 00 00
0F88: 00 00 00 00 00 00 00 00
0F90: 00 00 00 00 00 00 00 00
0F98: 00 00 00 00 00 00 00 00
0FA0: 00 00 00 00 00 00 00 00
0FA8: 00 00 00 00 00 00 00 00
0FB0: 00 00 00 00 00 00 00 00
0FB8: 00 00 00 00 00 00 00 00
0FC0: 00 00 00 00 00 00 00 00
0FC8: 00 00 00 00 00 00 00 00
0FD0: 00 00 00 00 00 00 00 00
0FD8: 00 00 00 00 00 00 00 00
0FE0: 00 00 00 00 00 00 00 00
0FE8: 00 00 00 00 00 00 00 00
0FF0: 00 00 00 00 00 00 00 00
0FF8: 00 00 00 00 00 00 00 00
1000: 00 00 00 00 00 00 00 00
1008: 00 00 00 00 00 00 00 00
1010: 00 00 00 00 00 00 00 00
1018: 00 00 00 00 00 00 00 00
1020: 00 00 00 00 00 00 00 00
1028: 00 00 00 00 00 00 00 00
1030: 00 00 00 00 00 00 00 00
1038: 00 00 00 00 00 00 00 00
1040: 00 00 00 00 00 00 00 00
1048: 00 00 00 00 00 00 00 00
1050: 00 00 00 00 00 00 00 00
1058: 00 00 00 00 00 00 00 00
1060: 00 00 00 00 00 00 00 00
1068: 00 00 00 00 00 00 00 00
1070: 00 00 00 00 00 00 00 00
1078: 00 00 00 00 00 00 00 00
1080: 00 00 00 00 00 00 00 00
1088: 00 00 00 00 00 00 00 00
1090: 00 00 00 00 00 00 00 00
1098: 00 00 00 00 00 00 00 00
10A0: 00 00 00 00 00 00 00 00
10A8: 00 00 00 00 00 00 00 00
10B0: 00 00 00 00 00 00 00 00
10B8: 00 00 00 00 00 00 00 00
10C0: 00 00 00 00 00 00 00 00
10C8: 00 00 00 00 00 00 00 00
10D0: 00 00 00 00 00 00 00 00
10D8: 00 00 00 00 00 00 00 00
10E0: 00 00 00 00 00 00 00 00
10E8: 00 00 00 00 00 00 00 00
10F0: 00 00 00 00 00 00 00 00
10F8: 00 00 00 00 00 00 00 00
1100: 00 00 00 00 00 00 00 00
1108: 00 00 00 00 00 00 00 00
1110: 00 00 00 00 00 00 00 00
1118: 00 00 00 00 00 00 00 00
1120: 00 00 00 00 00 00 00 00
1128: 00 00 00 00 00 00 00 00
1130: 00 00 00 00 00 00 00 00
1138: 00 00 00 00 00 00 00 00
1140: 00 00 00 00 00 00 00 00
1148: 00 00 00 00 00 00 00 00
1150: 00 00 00 00 00 00 00 00
1158: 00 00 00 00 00 00 00 00
1160: 00 00 00 00 00 00 00 00
1168: 00 00 00 00 00 00 00 00
1170: 00 00 00 00 00 00 00 00
1178: 00 00 00 00 00 00 00 00
1180: 00 00 00 00 00 00 00 00
1188: 00 00 00 00 00 00 00 00
1190: 00 00 00 00 00 00 00 00
1198: 00 00 00 00 00 00 00 00
11A0: 00 00 00 00 00 00 00 00
11A8: 00 00 00 00 00 00 00 00
11B0: 00 00 00 00 00 00 00 00
11B8: 00 00 00 00 00 00 00 00
11C0: 00 00 00 00 00 00 00 00
11C8: 00 00 00 00 00 00 00 00
11D0: 00 00 00 00 00 00 00 00
11D8: 00 00 00 00 00 00 00 00
11E0: 00 00 00 00 00 00 00 00
11E8: 00 00 00 00 00 00 00 00
11F0: 00 00 00 00 00 00 00 00
11F8: 00 00 00 00 00 00 00 00
1200: 00 00 00 00 00 00 00 00
1208: 00 00 00 00 00 00 00 00
1210: 00 00 00 00 00 00 00 00
1218: 00 00 00 00 00 00 00 00
1220: 00 00 00 00 00 00 00 00
1228: 00 00 00 00 00 00 00 00
1230: 00 00 00 00 00 00 00 00
1238: 00 00 00 00 00 00 00 00
1240: 00 00 00 00 00 00 00 00
1248: 00 00 00 00 00 00 00 00
1250: 00 00 00 00 00 00 00 00
1258: 00 00 00 00 00 00 00 00
1260: 00 00 00 00 00 00 00 00
1268: 00 00 00 00 00 00 00 00
1270: 00 00 00 00 00 00 00 00
1278: 00 00 00 00 00 00 00 00
1280: 00 00 00 00 00 00 00 00
1288: 00 00 00 00 00 00 00 00
1290: 00 00 00 00 00 00 00 00
1298: 00 00 00 00 00 00 00 00
12A0: 00 00 00 00 00 00 00 00
12A8: 00 00 00 00 00 00 00 00
12B0: 00 00 00 00 00 00 00 00
12B8: 00 00 00 00 00 00 00 00
12C0: 00 00 00 00 00 00 00 00
12C8: 00 00 00 00 00 00 00 00
12D0: 00 00 00 00 00 00 00 00
12D8: 00 00 00 00 00 00 00 00
12E0: 00 00 00 00 00 00 00 00
12E8: 00 00 00 00 00 00 00 00
12F0: 00 00 00 00 00 00 00 00
12F8: 00 00 00 00 00 00 00 00
1300: 00 00 00 00 00 00 00 00
1308: 00 00 00 00 00 00 00 00
1310: 00 00 00 00 00 00 00 00
1318: 00 00 00 00 00 00 00 00
1320: 00 00 00 00 00 00 00 00
1328: 00 00 00 00 00 00 00 00
1330: 00 00 00 00 00 00 00 00
1338: 00 00 00 00 00 00 00 00
1340: 00 00 00 00 00 00 00 00
1348: 00 00 00 00 00 00 00 00
1350: 00 00 00 00 00 00 00 00
1358: 00 00 00 00 00 00 00 00
1360: 00 00 00 00 00 00 00 00
1368: 00 00 00 00 00 00 00 00
1370: 00 00 00 00 00 00 00 00
1378: 00 00 00 00 00 00 00 00
1380: 00 00 00 00 00 00 00 00
1388: 00 00 00 00 00 00 00 00
1390: 00 00 00 00 00 00 00 00
1398: 00 00 00 00 00 00 00 00
13A0: 00 00 00 00 00 00 00 00
13A8: 00 00 00 00 00 00 00 00
13B0: 00 00 00 00 00 00 00 00
13B8: 00 00 00 00 00 00 00 00
13C0: 00 00 00 00 00 00 00 00
13C8: 00 00 00 00 00 00 00 00
13D0: 00 00 00 00 00 00 00 00
13D8: 00 00 00 00 00 00 00 00
13E0: 00 00 00 00 00 00 00 00
13E8: 00 00 00 00 00 00 00 00
13F0: 00 00 00 00 00 00 00 00
13F8: 00 00 00 00 00 00 00 00
1400: 00 00 00 00 00 00 00 00
1408: 00 00 00 00 00 00 00 00
1410: 00 00 00 00 00 00 00 00
1418: 00 00 00 00 00 00 00 00
1420: 00 00 00 00 00 00 00 00
1428: 00 00 00 00 00 00 00 00
1430: 00 00 00 00 00 00 00 00
1438: 00 00 00 00 00 00 00 00
1440: 00 00 00 00 00 00 00 00
1448: 00 00 00 00 00 00 00 00
1450: 00 00 00 00 00 00 00 00
1458: 00 00 00 00 00 00 00 00
1460: 00 00 00 00 00 00 00 00
1468: 00 00 00 00 00 00 00 00
1470: 00 00 00 00 00 00 00 00
1478: 00 00 00 00 00 00 00 00
1480: 00 00 00 00 00 00 00 00
1488: 00 00 00 00 00 00 00 00
1490: 00 00 00 00 00 00 00 00
1498: 00 00 00 00 00 00 00 00
14A0: 00 00 00 00 00 00 00 00
14A8: 00 00 00 00 00 00 00 00
14B0: 00 00 00 00 00 00 00 00
14B8: 00 00 00 00 00 00 00 00
14C0: 00 00 00 00 00 00 00 00
14C8: 00 00 00 00 00 00 00 00
14D0: 00 00 00 00 00 00 00 00
14D8: 00 00 00 00 00 00 00 00
14E0: 00 00 00 00 00 00 00 00
14E8: 00 00 00 00 00 00 00 00
14F0: 00 00 00 00 00 00 00 00
14F8: 00 00 00 00 00 00 00 00
1500: 00 00 00 00 00 00 00 00
1508: 00 00 00 00 00 00 00 00
1510: 00 00 00 00 00 00 00 00
1518: 00 00 00 00 00 00 00 00
1520: 00 00 00 00 00 00 00 00
1528: 00 00 00 00 00 00 00 00
1530: 00 00 00 00 00 00 00 00
1538: 00 00 00 00 00 00 00 00
1540: 00 00 00 00 00 00 00 00
1548: 00 00 00 00 00 00 00 00
1550: 00 00 00 00 00 00 00 00
1558: 00 00 00 00 00 00 00 00
1560: 00 00 00 00 00 00 00 00
1568: 00 00 00 00 00 00 00 00
1570: 00 00 00 00 00 00 00 00
1578: 00 00 00 00 00 00 00 00
1580: 00 00 00 00 00 00 00 00
1588: 00 00 00 00 00 00 00 00
1590: 00 00 00 00 00 00 00 00
1598: 00 00 00 00 00 00 00 00
15A0: 00 00 00 00 00 00 00 00
15A8: 00 00 00 00 00 00 00 00
15B0: 00 00 00 00 00 00 00 00
15B8: 00 00 00 00 00 00 00 00
15C0: 00 00 00 00 00 00 00 00
15C8: 00 00 00 00 00 00 00 00
15D0: 00 00 00 00 00 00 00 00
15D8: 00 00 00 00 00 00 00 00
15E0: 00 00 00 00 00 00 00 00
15E8: 00 00 00 00 00 00 00 00
15F0: 00 00 00 00 00 00 00 00
15F8: 00 00 00 00 00 00 00 00
1600: 00 00 00 00 00 00 00 00
1608: 00 00 00 00 00 00 00 00
1610: 00 00 00 00 00 00 00 00
1618: 00 00 00 00 00 00 00 00
1620: 00 00 00 00 00 00 00 00
1628: 00 00 00 00 00 00 00 00
1630: 00 00 00 00 00 00 00 00
1638: 00 00 00 00 00 00 00 00
1640: 00 00 00 00 00 00 00 00
1648: 00 00 00 00 00 00 00 00
1650: 00 00 00 00 00 00 00 00
1658: 00 00 00 00 00 00 00 00
1660: 00 00 00 00 00 00 00 00
1668: 00 00 00 00 00 00 00 00
1670: 00 00 00 00 00 00 00 00
1678: 00 00 00 00 00 00 00 00
1680: 00 00 00 00 00 00 00 00
1688: 00 00 00 00 00 00 00 00
1690: 00 00 00 00 00 00 00 00
1698: 00 00 00 00 00 00 00 00
16A0: 00 00 00 00 00 00 00 00
16A8: 00 00 00 00 00 00 00 00
16B0: 00 00 00 00 00 00 00 00
16B8: 00 00 00 00 00 00 00 00
16C0: 00 00 00 00 00 00 00 00
16C8: 00 00 00 00 00 00 00 00
16D0: 00 00 00 00 00 00 00 00
16D8: 00 00 00 00 00 00 00 00
16E0: 00 00 00 00 00 00 00 00
16E8: 00 00 00 00 00 00 00 00
16F0: 00 00 00 00 00 00 00 00
16F8: 00 00 00 00 00 00 00 00
1700: 00 00 00 00 00 00 00 00
1708: 00 00 00 00 00 00 00 00
1710: 00 00 00 00 00 00 00 00
1718: 00 00 00 00 00 00 00 00
1720: 00 00 00 00 00 00 00 00
1728: 00 00 00 00 00 00 00 00
1730: 00 00 00 00 00 00 00 00
1738: 00 00 00 00 00 00 00 00
1740: 00 00 00 00 00 00 00 00
1748: 00 00 00 00 00 00 00 00
1750: 00 00 00 00 00 00 00 00
1758: 00 00 00 00 00 00 00 00
1760: 00 00 00 00 00 00 00 00
1768: 00 00 00 00 00 00 00 00
1770: 00 00 00 00 00 00 00 00
1778: 00 00 00 00 00 00 00 00
1780: 00 00 00 00 00 00 00 00
1788: 00 00 00 00 00 00 00 00
1790: 00 00 00 00 00 00 00 00
1798: 00 00 00 00 00 00 00 00
17A0: 00 00 00 00 00 00 00 00
17A8: 00 00 00 00 00 00 00 00
17B0: 00 00 00 00 00 00 00 00
17B8: 00 00 00 00 00 00 00 00
17C0: 00 00 00 00 00 00 00 00
17C8: 00 00 00 00 00 00 00 00
17D0: 00 00 00 00 00 00 00 00
17D8: 00 00 00 00 00 00 00 00
17E0: 00 00 00 00 00 00 00 00
17E8: 00 00 00 00 00 00 00 00
17F0: 00 00 00 00 00 00 00 00
17F8: 00 00 00 00 00 00 00 00
1800: 00 00 00 00 00 00 00 00
1808: 00 00 00 00 00 00 00 00
1810: 00 00 00 00 00 00 00 00
1818: 00 00 00 00 00 00 00 00
1820: 00 00 00 00 00 00 00 00
1828: 00 00 00 00 00 00 00 00
1830: 00 00 00 00 00 00 00 00
1838: 00 00 00 00 00 00 00 00
1840: 00 00 00 00 00 00 00 00
1848: 00 00 00 00 00 00 00 00
1850: 00 00 00 00 00 00 00 00
1858: 00 00 00 00 00 00 00 00
1860: 00 00 00 00 00 00 00 00
1868: 00 00 00 00 00 00 00 00
1870: 00 00 00 00 00 00 00 00
1878: 00 00 00 00 00 00 00 00
1880: 00 00 00 00 00 00 00 00
1888: 00 00 00 00 00 00 00 00
1890: 00 00 00 00 00 00 00 00
1898: 00 00 00 00 00 00 00 00
18A0: 00 00 00 00 00 00 00 00
18A8: 00 00 00 00 00 00 00 00
18B0: 00 00 00 00 00 00 00 00
18B8: 00 00 00 00 00 00 00 00
18C0: 00 00 00 00 00 00 00 00
18C8: 00 00 00 00 00 00 00 00
18D0: 00 00 00 00 00 00 00 00
18D8: 00 00 00 00 00 00 00 00
18E0: 00 00 00 00 00 00 00 00
18E8: 00 00 00 00 00 00 00 00
18F0: 00 00 00 00 00 00 00 00
18F8: 00 00 00 00 00 00 00 00
1900: 00 00 00 00 00 00 00 00
1908: 00 00 00 00 00 00 00 00
1910: 00 00 00 00 00 00 00 00
1918: 00 00 00 00 00 00 00 00
1920: 00 00 00 00 00 00 00 00
1928: 00 00 00 00 00 00 00 00
1930: 00 00 00 00 00 00 00 00
1938: 00 00 00 00 00 00 00 00
1940: 00 00 00 00 00 00 00 00
1948: 00 00 00 00 00 00 00 00
1950: 00 00 00 00 00 00 00 00
1958: 00 00 00 00 00 00 00 00
1960: 00 00 00 00 00 00 00 00
1968: 00 00 00 00 00 00 00 00
1970: 00 00 00 00 00 00 00 00
1978: 00 00 00 00 00 00 00 00
1980: 00 00 00 00 00 00 00 00
1988: 00 00 00 00 00 00 00 00
1990: 00 00 00 00 00 00 00 00
1998: 00 00 00 00 00 00 00 00
19A0: 00 00 00 00 00 00 00 00
19A8: 00 00 00 00 00 00 00 00
19B0: 00 00 00 00 00 00 00 00
19B8: 00
