004A:       00 03 00 40 09 63
0050: 05 BF FD BF BF BF F8 F8
0058: BF B7 7F BF BF B7 FF 21
0060: F7 BF 3F 3F 3F BF 77 10
0068: 60 3C 00 04 01 ED ED ED
0070: ED ED ED ED ED ED ED ED
0078: FF F7 B7 F7 FF B7 FF 35
0080: 17 7F F7 F7 BD B7 DF F7
0088: B7 B7 F7 F7 AE A0 D0 00
0090: 08 08 05 03 04 82 59 7D
0098: 36 7D 36 7D 8A 82 F6 FF
00A0: 77 37 F7 75 35 77 F1 37
00A8: 77 57 F7 71 CD F7 F7 B7
00B0: FF 97 B7 97 B2 B7 B7 00
00B8: F6 F7 FF 0C FF 0D 0C 11
00C0: 11 10 10 03 0B 03 03 FF
00C8: 09 09 A5 35 00 03 31 04
00D0: 3E 04 44 04 00 00 01 00
00D8: 21 00 F8 FF FB 3F B0 F7
00E0: 0A 02 00 40 A5 35 FB 3F
00E8: 31 31 1C 1C 12 14 0D 0C
00F0: 09 0E 31 04 77 75 F7 25
00F8: 00 00 00 00 00 20 00 ED
0300: 90 00 06 03 08 00 AC 00
0308: 0C 03 08 00 AE 00 90 03
0310: 36 00 35 00 34 00 31 00
0318: 30 00 2F 00 2E 00 2D 00
0320: 1E 00 1F 00 33 00 32 00
0328: 3B 00 3C 00 3D 00 2C 00
0330: 1D 00 20 00 21 00 38 00
0338: 0E 00 0F 00 28 00 2B 00
0340: 1C 00 23 00 22 00 39 00
0348: 0D 00 10 00 29 00 2A 00
0350: 1B 00 05 00 06 00 3A 00
0358: 0C 00 11 00 3E 00 3F 00
0360: 1A 00 04 00 07 00 08 00
0368: 0B 00 12 00 13 00 40 00
0370: 02 00 03 00 24 00 09 00
0378: 0A 00 15 00 14 00 19 00
0380: 01 00 37 00 25 00 26 00
0388: 27 00 16 00 17 00 18 00
0390: AA 00 14 04 01 00 01 00
0398: 02 00 03 00 03 00 01 00
03A0: 01 00 02 00 03 00 02 00
03A8: 01 00 00 00 01 00 01 00
03B0: 00 00 02 00 02 00 01 00
03B8: 03 00 02 00 03 00 03 00
03C0: 02 00 02 00 02 00 01 00
03C8: 00 00 02 00 02 00 02 00
03D0: 03 00 00 00 02 00 03 00
03D8: 02 00 00 00 02 00 02 00
03E0: 01 00 02 00 02 00 02 00
03E8: 01 00 02 00 02 00 01 00
03F0: 02 00 00 00 03 00 01 00
03F8: 02 00 01 00 00 00 03 00
0400: 00 00 03 00 01 00 00 00
0408: 01 00 01 00 00 00 01 00
0410: 01 00 00 00 92 00 1A 04
0418: 09 00 A2 00 20 04 00 00
0420: B4 00 26 04 01 00 B0 00
0428: 2C 04 01 00 86 00 32 04
0430: 41 00 A4 00 38 04 06 00
0438: A6 00 3E 04 08 00 94 00
0440: 44 04 09 00 00 00 00 00
0448: 00 00 00 00 00 00 00 00
0450: 00 00 00 00 00 00 00 00
0458: 00 00 00 00 00 00 00 00
0460: 00 00 00 00 00 00 00 00
0468: 00 00 00 00 00 00 00 00
0470: 00 00 00 00 00 00 00 00
0478: 00 00 00 00 00 00 00 00
0480: 00 00 00 00 00 00 00 00
0488: 00 00 00 00 00 00 00 00
0490: 00 00 00 00 00 00 00 00
0498: 00 00 00 00 00 00 00 00
04A0: 00 00 00 00 00 00 00 00
04A8: 00 00 00 00 00 00 00 00
04B0: 00 00 00 00 00 00 00 00
04B8: 00 00 00 00 00 00 00 00
04C0: 00 00 00 00 00 00 00 00
04C8: 00 00 00 00 00 00 00 00
04D0: 00 00 00 00 00 00 00 00
04D8: 00 00 00 00 00 00 00 00
04E0: 00 00 00 00 00 00 00 00
04E8: 00 00 00 00 00 00 00 00
04F0: 00 00 00 00 00 00 00 00
04F8: 00 00 00 00 00 00 00 00
0500: 00 00 00 00 00 00 00 00
0508: 00 00 00 00 00 00 00 00
0510: 00 00 00 00 00 00 00 00
0518: 00 00 00 00 00 00 00 00
0520: 00 00 00 00 00 00 00 00
0528: 00 00 00 00 00 00 00 00
0530: 00 00 00 00 00 00 00 00
0538: 00 00 00 00 00 00 00 00
0540: 00 00 00 00 00 00 00 00
0548: 00 00 00 00 00 00 00 00
0550: 00 00 00 00 00 00 00 00
0558: 00 00 00 00 00 00 00 00
0560: 00 00 00 00 00 00 00 00
0568: 00 00 00 00 00 00 00 00
0570: 00 00 00 00 00 00 00 00
0578: 00 00 00 00 00 00 00 00
0580: 00 00 00 00 00 00 00 00
0588: 00 00 00 00 00 00 00 00
0590: 00 00 00 00 00 00 00 00
0598: 00 00 00 00 00 00 00 00
05A0: 00 00 00 00 00 00 00 00
05A8: 00 00 00 00 00 00 00 00
05B0: 00 00 00 00 00 00 00 00
05B8: 00 00 00 00 00 00 00 00
05C0: 00 00 00 00 00 00 00 00
05C8: 00 00 00 00 00 00 00 00
05D0: 00 00 00 00 00 00 00 00
05D8: 00 00 00 00 00 00 00 00
05E0: 00 00 00 00 00 00 00 00
05E8: 00 00 00 00 00 00 00 00
05F0: 00 00 00 00 00 00 00 00
05F8: 00 00 00 00 00 00 00 00
0600: 00 00 00 00 00 00 00 00
0608: 00 00 00 00 00 00 00 00
0610: 00 00 00 00 00 00 00 00
0618: 00 00 00 00 00 00 00 00
0620: 00 00 00 00 00 00 00 00
0628: 00 00 00 00 00 00 00 00
0630: 00 00 00 00 00 00 00 00
0638: 00 00 00 00 00 00 00 00
0640: 00 00 00 00 00 00 00 00
0648: 00 00 00 00 00 00 00 00
0650: 00 00 00 00 00 00 00 00
0658: 00 00 00 00 00 00 00 00
0660: 00 00 00 00 00 00 00 00
0668: 00 00 00 00 00 00 00 00
0670: 00 00 00 00 00 00 00 00
0678: 00 00 00 00 00 00 00 00
0680: 00 00 00 00 00 00 00 00
0688: 00 00 00 00 00 00 00 00
0690: 00 00 00 00 00 00 00 00
0698: 00 00 00 00 00 00 00 00
06A0: 00 00 00 00 00 00 00 00
06A8: 00 00 00 00 00 00 00 00
06B0: 00 00 00 00 00 00 00 00
06B8: 00 00 00 00 00 00 00 00
06C0: 00 00 00 00 00 00 00 00
06C8: 00 00 00 00 00 00 00 00
06D0: 00 00 00 00 00 00 00 00
06D8: 00 00 00 00 00 00 00 00
06E0: 00 00 00 00 00 00 00 00
06E8: 00 00 00 00 00 00 00 00
06F0: 00 00 00 00 00 00 00 00
06F8: 00 00 00 00 00 00 00 00
0700: 00 00 00 00 00 00 00 00
0708: 00 00 00 00 00 00 00 00
0710: 00 00 00 00 00 00 00 00
0718: 00 00 00 00 00 00 00 00
0720: 00 00 00 00 00 00 00 00
0728: 00 00 00 00 00 00 00 00
0730: 00 00 00 00 00 00 00 00
0738: 00 00 00 00 00 00 00 00
0740: 00 00 00 00 00 00 00 00
0748: 00 00 00 00 00 00 00 00
0750: 00 00 00 00 00 00 00 00
0758: 00 00 00 00 00 00 00 00
0760: 00 00 00 00 00 00 00 00
0768: 00 00 00 00 00 00 00 00
0770: 00 00 00 00 00 00 00 00
0778: 00 00 00 00 00 00 00 00
0780: 00 00 00 00 00 00 00 00
0788: 00 00 00 00 00 00 00 00
0790: 00 00 00 00 00 00 00 00
0798: 00 00 00 00 00 00 00 00
07A0: 00 00 00 00 00 00 00 00
07A8: 00 00 00 00 00 00 00 00
07B0: 00 00 00 00 00 00 00 00
07B8: 00 00 00 00 00 00 00 00
07C0: 00 00 00 00 00 00 00 00
07C8: 00 00 00 00 00 00 00 00
07D0: 00 00 00 00 00 00 00 00
07D8: 00 00 00 00 00 00 00 00
07E0: 00 00 00 00 00 00 00 00
07E8: 00 00 00 00 00 00 00 00
07F0: 00 00 00 00 00 00 00 00
07F8: 00 00 00 00 00 00 00 00
0800: 82 40 0F 08 00 00 1E 45
0808: 28 A0 29 47 01 22 CC 9C
0810: 00 15 08 64 00 A2 00 1B
0818: 08 64 00 82 00 21 08 0B
0820: 00 84 00 27 08 0D 00 9A
0828: 00 2D 08 00 00 86 00 33
0830: 08 0A 00 40 70 28 AB AD
0838: AD AD AD AD 29 03 5C B1
0840: 40 06 03 5B 01 16 E0 01
0848: C3 40 70 28 A1 A0 A0 A0
0850: A0 A0 29 03 5C B1 40 06
0858: 03 5B 01 39 F4 01 60 CB
0860: B2 16 B0 00 00 24 B6 B2
0868: 02 03 5C B7 16 03 03 61
0870: 28 C5 CE C5 D2 C7 D9 BA
0878: A0 29 46 C5 B1 03 53 28
0880: C6 C9 D2 C5 A0 29 27 C3
0888: 03 60 C3 1C B1 01 00 24
0890: B1 6E 00 01 36 08 02 C5
0898: B1 71 C5 B1 13 C3 03 5C
08A0: B1 08 07 03 CB B5 71 CB
08A8: B5 13 C3 13 38 D2 14 B9
08B0: 09 00 72 03 60 CB B5 19
08B8: B0 00 00 24 B5 12 02 03
08C0: 5C B1 6C 07 03 5F B1 6E
08C8: 00 01 0D 12 02 5C B5 26
08D0: 02 03 5F B5 F4 01 01 48
08D8: 26 02 CA B5 71 CB B5 15
08E0: B5 05 00 03 CB B5 71 CB
08E8: B5 13 CA B5 03 C5 B1 71
08F0: C5 B1 13 CA B5 15 D2 03
08F8: 62 CA B5 15 D2 45 28 A0
0900: D5 CE C9 D4 D3 A0 CF C6
0908: A0 D0 C8 C1 D3 C5 D2 A0
0910: C4 C1 CD C1 C7 C5 29 03
0918: 5C B1 08 07 03 5B 01 35
0920: 58 02 60 CB B2 16 B0 00
0928: 00 24 B6 B2 02 03 60 C5
0930: B2 17 B0 00 00 24 B6 62
0938: 02 03 61 28 CE CF A0 CD
0940: CF D2 C5 A0 D4 CF D2 D0
0948: C5 C4 CF C5 D3 29 03 5F
0950: B1 6E 00 01 25 62 02 C5
0958: B2 71 C5 B2 13 B1 01 00
0960: 03 60 D2 19 2F 3F B1 0F
0968: 00 72 24 B6 80 02 03 5C
0970: B1 6C 07 03 5F B1 6E 00
0978: 01 1C 80 02 61 28 D9 CF
0980: D5 A0 CD C9 D3 D3 C5 C4
0988: A1 29 03 5C B5 26 02 03
0990: 5F B1 6E 00 01 20 B2 02
0998: 61 28 CE CF D4 C8 C9 CE
09A0: C7 A0 D4 CF A0 D3 C8 CF
09A8: CF D4 A0 C1 D4 A1 29 03
09B0: 5F B1 6E 00 01 25 BC 02
09B8: 53 28 C3 CF CD D0 D5 D4
09C0: C5 D2 A0 D2 C5 D1 D5 C5
09C8: D3 D4 A0 29 27 C3 03 60
09D0: C3 16 B0 00 00 24 B8 20
09D8: 03 01 17 C6 02 61 28 D3
09E0: D4 C1 D4 D5 D3 A0 D2 C5
09E8: D0 CF D2 D4 BA 29 03 63
09F0: 01 19 D0 02 5C B7 16 03
09F8: 03 0C 06 00 4E C1 40 22
0A00: B1 0A 00 72 01 1B 0A 00
0A08: 61 28 C1 C3 C5 D9 A0 C4
0A10: D5 C3 C5 D9 A0 C3 C1 D2
0A18: C4 A0 C7 C1 CD C5 29 01
0A20: 28 14 00 61 28 C3 D2 C5
0A28: C1 D4 C9 D6 C5 A0 C3 CF
0A30: CD D0 D5 D4 C9 CE C7 A0
0A38: CD CF D2 D2 C9 D3 D4 CF
0A40: D7 CE AC A0 CE CA 29 01
0A48: 05 15 00 63 01 05 16 00
0A50: 63 01 05 17 00 63 01 2B
0A58: 1E 00 61 28 C1 C3 C5 AD
0A60: C4 D5 C3 C5 D9 A0 C9 D3
0A68: A0 D0 CC C1 D9 C5 C4 A0
0A70: C9 CE A0 D4 C8 C5 A0 C6
0A78: CF CC CC CF D7 C9 CE C7
0A80: 29 01 2A 23 00 61 28 CD
0A88: C1 CE CE C5 D2 AC A0 D4
0A90: C8 C5 A0 C4 C5 C1 CC C5
0A98: D2 A0 A8 C3 CF CD D0 D5
0AA0: D4 C5 D2 A9 A0 C4 C5 C1
0AA8: CC D3 29 01 2C 28 00 61
0AB0: 28 D4 D7 CF A0 C3 C1 D2
0AB8: C4 D3 A0 C6 C1 C3 C5 A0
0AC0: D5 D0 AE A0 D9 CF D5 A0
0AC8: C8 C1 D6 C5 A0 C1 CE A0
0AD0: CF D0 D4 C9 CF CE 29 01
0AD8: 25 32 00 61 28 D4 CF A0
0AE0: C2 C5 D4 A0 CF D2 A0 CE
0AE8: CF D4 A0 C2 C5 D4 A0 C4
0AF0: C5 D0 C5 CE C4 C9 CE C7
0AF8: A0 CF CE 29 01 2C 3C 00
0B00: 61 28 D7 C8 C5 D4 C8 C5
0B08: D2 A0 CF D2 A0 CE CF D4
0B10: A0 D9 CF D5 A0 C6 C5 C5
0B18: CC A0 D4 C8 C5 A0 C3 C1
0B20: D2 C4 A0 D7 C9 CC CC 29
0B28: 01 2A 46 00 61 28 C8 C1
0B30: D6 C5 A0 C1 A0 D6 C1 CC
0B38: D5 C5 A0 C2 C5 D4 D7 C5
0B40: C5 CE A0 D4 C8 C5 A0 C6
0B48: C9 D2 D3 D4 A0 D4 D7 CF
0B50: AE 29 01 2B 50 00 61 28
0B58: C9 C6 A0 D9 CF D5 A0 C4
0B60: CF A0 CE CF D4 A0 D7 C1
0B68: CE D4 A0 D4 CF A0 C2 C5
0B70: D4 AC A0 C9 CE D0 D5 D4
0B78: A0 C1 A0 B0 29 01 09 64
0B80: 00 CE 71 B1 64 00 01 09
0B88: 6E 00 D1 71 B1 64 00 01
0B90: 21 78 00 61 28 D9 CF D5
0B98: A0 CE CF D7 A0 C8 C1 D6
0BA0: C5 A0 29 46 D1 45 28 A0
0BA8: C4 CF CC CC C1 D2 D3 29
0BB0: 01 05 82 00 63 01 08 8C
0BB8: 00 5F B2 04 01 01 09 D2
0BC0: 00 D1 71 D1 12 CD 01 08
0BC8: DC 00 5F B1 78 00 01 09
0BD0: F0 00 D1 71 D1 13 CD 01
0BD8: 08 FA 00 5F B1 78 00 01
0BE0: 23 04 01 61 28 C8 C5 D2
0BE8: C5 A0 C1 D2 C5 A0 D9 CF
0BF0: D5 D2 A0 CE C5 D4 A0 D4
0BF8: D7 CF A0 C3 C1 D2 C4 D3
0C00: A0 29 01 10 0E 01 C1 71
0C08: 2F 3F B1 0E 00 72 12 B1
0C10: 01 00 01 0E 18 01 60 C1
0C18: 1C B2 02 00 24 B2 0E 01
0C20: 01 0E 22 01 60 C1 19 B1
0C28: 0E 00 24 B2 0E 01 01 10
0C30: 2C 01 C2 71 2F 3F B1 0E
0C38: 00 72 12 B1 01 00 01 0E
0C40: 36 01 60 C2 1C B2 02 00
0C48: 24 B3 2C 01 01 0E 40 01
0C50: 60 C2 19 B1 0E 00 24 B3
0C58: 2C 01 01 0C 4A 01 60 C1
0C60: 18 C2 24 B2 0E 01 01 0E
0C68: 5E 01 60 C1 1C B1 0B 00
0C70: 24 B4 90 01 01 0E 68 01
0C78: 60 C1 16 B1 0B 00 24 B4
0C80: A4 01 01 0E 72 01 60 C1
0C88: 16 B1 0C 00 24 B4 B8 01
0C90: 01 0E 7C 01 60 C1 16 B1
0C98: 0D 00 24 B4 CC 01 01 0E
0CA0: 86 01 60 C1 16 B1 0E 00
0CA8: 24 B4 E0 01 01 06 90 01
0CB0: 62 C1 01 08 9A 01 5F B5
0CB8: F4 01 01 0B A4 01 61 28
0CC0: CA C1 C3 CB 29 01 08 AE
0CC8: 01 5F B5 F4 01 01 0C B8
0CD0: 01 61 28 D1 D5 C5 C5 CE
0CD8: 29 01 08 C2 01 5F B5 F4
0CE0: 01 01 0B CC 01 61 28 CB
0CE8: C9 CE C7 29 01 08 D6 01
0CF0: 5F B5 F4 01 01 0A E0 01
0CF8: 61 28 C1 C3 C5 29 01 0E
0D00: F4 01 60 C2 1C B1 0B 00
0D08: 24 B5 26 02 01 0E FE 01
0D10: 60 C2 16 B1 0B 00 24 B5
0D18: 3A 02 01 0E 08 02 60 C2
0D20: 16 B1 0C 00 24 B5 4E 02
0D28: 01 0E 12 02 60 C2 16 B1
0D30: 0D 00 24 B6 62 02 01 0E
0D38: 1C 02 60 C2 16 B1 0E 00
0D40: 24 B6 76 02 01 06 26 02
0D48: 62 C2 01 08 30 02 5F B6
0D50: 8A 02 01 0B 3A 02 61 28
0D58: CA C1 C3 CB 29 01 08 44
0D60: 02 5F B6 8A 02 01 0C 4E
0D68: 02 61 28 D1 D5 C5 C5 CE
0D70: 29 01 08 58 02 5F B6 8A
0D78: 02 01 0B 62 02 61 28 CB
0D80: C9 CE C7 29 01 08 6C 02
0D88: 5F B6 8A 02 01 0A 76 02
0D90: 61 28 C1 C3 C5 29 01 05
0D98: 80 02 63 01 05 8A 02 63
0DA0: 01 19 94 02 61 28 D7 C8
0DA8: C1 D4 A0 C9 D3 A0 D9 CF
0DB0: D5 D2 A0 C2 C5 D4 A0 29
0DB8: 47 01 06 99 02 54 CD 01
0DC0: 0E 9E 02 60 CD 1B B0 00
0DC8: 00 24 B6 A8 02 01 10 A3
0DD0: 02 61 28 C3 C8 C9 C3 CB
0DD8: C5 CE A1 A1 29 01 05 A4
0DE0: 02 63 01 08 A5 02 5F B2
0DE8: 04 01 01 0C A8 02 60 CD
0DF0: 1A D1 24 B7 DA 02 01 2C
0DF8: B2 02 61 28 D3 CF D2 D2
0E00: D9 AC A0 CD D9 A0 C6 D2
0E08: C9 C5 CE C4 A0 C2 D5 D4
0E10: A0 D9 CF D5 A0 C2 C5 D4
0E18: A0 D4 CF CF A0 CD D5 C3
0E20: C8 29 01 29 BC 02 61 28
0E28: D9 CF D5 A0 C8 C1 D6 C5
0E30: A0 CF CE CC D9 A0 29 46
0E38: D1 45 28 A0 C4 CF CC CC
0E40: C1 D2 D3 A0 D4 CF A0 C2
0E48: C5 D4 29 01 08 C6 02 5F
0E50: B6 8A 02 01 10 DA 02 C3
0E58: 71 2F 3F B1 0E 00 72 12
0E60: B2 02 00 01 0E E4 02 60
0E68: C3 1C B2 02 00 24 B7 DA
0E70: 02 01 0E EE 02 60 C3 19
0E78: B1 0E 00 24 B7 DA 02 01
0E80: 0E F8 02 60 C3 1C B1 0B
0E88: 00 24 B8 2A 03 01 0E 02
0E90: 03 60 C3 16 B1 0B 00 24
0E98: B8 3E 03 01 0E 0C 03 60
0EA0: C3 16 B1 0C 00 24 B8 52
0EA8: 03 01 0E 16 03 60 C3 16
0EB0: B1 0D 00 24 B8 66 03 01
0EB8: 0E 20 03 60 C3 16 B1 0E
0EC0: 00 24 B8 7A 03 01 06 2A
0EC8: 03 62 C3 01 08 34 03 5F
0ED0: B9 8E 03 01 0B 3E 03 61
0ED8: 28 CA C1 C3 CB 29 01 08
0EE0: 48 03 5F B9 8E 03 01 0C
0EE8: 52 03 61 28 D1 D5 C5 C5
0EF0: CE 29 01 08 5C 03 5F B9
0EF8: 8E 03 01 0B 66 03 61 28
0F00: CB C9 CE C7 29 01 08 70
0F08: 03 5F B9 8E 03 01 0A 7A
0F10: 03 61 28 C1 C3 C5 29 01
0F18: 05 84 03 63 01 0C 8E 03
0F20: 60 C3 19 C1 24 B9 A2 03
0F28: 01 08 98 03 5F B9 CA 03
0F30: 01 0C A2 03 60 C3 18 C2
0F38: 24 B9 CA 03 01 11 B6 03
0F40: 61 28 D9 CF D5 A0 D7 C9
0F48: CE A1 A1 A1 29 01 08 C0
0F50: 03 5F B2 D2 00 01 16 CA
0F58: 03 61 28 D3 CF D2 D2 D9
0F60: AC A0 D9 CF D5 A0 CC CF
0F68: D3 C5 29 01 0C D4 03 60
0F70: CD 1C D1 24 B2 F0 00 01
0F78: 05 DE 03 63 01 05 E8 03
0F80: 63 01 2A F2 03 61 28 D3
0F88: CF D2 D2 D9 AC A0 C6 D2
0F90: C9 C5 CE C4 A0 C2 D5 D4
0F98: A0 D9 CF D5 A0 C2 CC C5
0FA0: D7 A0 D9 CF D5 D2 A0 D7
0FA8: C1 C4 29 01 1D FC 03 61
0FB0: 28 D4 D2 D9 A0 C1 C7 C1
0FB8: C9 CE A0 A8 D9 C5 D3 A0
0FC0: CF D2 A0 CE CF A9 29 47
0FC8: 01 07 01 04 52 C1 40 01
0FD0: 11 06 04 60 C1 40 39 28
0FD8: D9 C5 D3 29 24 B1 6E 00
0FE0: 01 1A 10 04 61 28 CF CB
0FE8: A0 C8 CF D0 C5 A0 D9 CF
0FF0: D5 A0 C8 C1 C4 A0 C6 D5
0FF8: CE 29 01 05 1A 04 51 01
1000: 00 00 00 00 00 00 00 00
1008: 00 00 00 00 00 00 00 00
1010: 00 00 00 00 00 00 00 00
1018: 00 00 00 00 00 00 00 00
1020: 00 00 00 00 00 00 00 00
1028: 00 00 00 00 00 00 00 00
1030: 00 00 00 00 00 00 00 00
1038: 00 00 00 00 00 00 00 00
1040: 00 00 00 00 00 00 00 00
1048: 00 00 00 00 00 00 00 00
1050: 00 00 00 00 00 00 00 00
1058: 00 00 00 00 00 00 00 00
1060: 00 00 00 00 00 00 00 00
1068: 00 00 00 00 00 00 00 00
1070: 00 00 00 00 00 00 00 00
1078: 00 00 00 00 00 00 00 00
1080: 00 00 00 00 00 00 00 00
1088: 00 00 00 00 00 00 00 00
1090: 00 00 00 00 00 00 00 00
1098: 00 00 00 00 00 00 00 00
10A0: 00 00 00 00 00 00 00 00
10A8: 00 00 00 00 00 00 00 00
10B0: 00 00 00 00 00 00 00 00
10B8: 00 00 00 00 00 00 00 00
10C0: 00 00 00 00 00 00 00 00
10C8: 00 00 00 00 00 00 00 00
10D0: 00 00 00 00 00 00 00 00
10D8: 00 00 00 00 00 00 00 00
10E0: 00 00 00 00 00 00 00 00
10E8: 00 00 00 00 00 00 00 00
10F0: 00 00 00 00 00 00 00 00
10F8: 00 00 00 00 00 00 00 00
1100: 00 00 00 00 00 00 00 00
1108: 00 00 00 00 00 00 00 00
1110: 00 00 00 00 00 00 00 00
1118: 00 00 00 00 00 00 00 00
1120: 00 00 00 00 00 00 00 00
1128: 00 00 00 00 00 00 00 00
1130: 00 00 00 00 00 00 00 00
1138: 00 00 00 00 00 00 00 00
1140: 00 00 00 00 00 00 00 00
1148: 00 00 00 00 00 00 00 00
1150: 00 00 00 00 00 00 00 00
1158: 00 00 00 00 00 00 00 00
1160: 00 00 00 00 00 00 00 00
1168: 00 00 00 00 00 00 00 00
1170: 00 00 00 00 00 00 00 00
1178: 00 00 00 00 00 00 00 00
1180: 00 00 00 00 00 00 00 00
1188: 00 00 00 00 00 00 00 00
1190: 00 00 00 00 00 00 00 00
1198: 00 00 00 00 00 00 00 00
11A0: 00 00 00 00 00 00 00 00
11A8: 00 00 00 00 00 00 00 00
11B0: 00 00 00 00 00 00 00 00
11B8: 00 00 00 00 00 00 00 00
11C0: 00 00 00 00 00 00 00 00
11C8: 00 00 00 00 00 00 00 00
11D0: 00 00 00 00 00 00 00 00
11D8: 00 00 00 00 00 00 00 00
11E0: 00 00 00 00 00 00 00 00
11E8: 00 00 00 00 00 00 00 00
11F0: 00 00 00 00 00 00 00 00
11F8: 00 00 00 00 00 00 00 00
1200: 00 00 00 00 00 00 00 00
1208: 00 00 00 00 00 00 00 00
1210: 00 00 00 00 00 00 00 00
1218: 00 00 00 00 00 00 00 00
1220: 00 00 00 00 00 00 00 00
1228: 00 00 00 00 00 00 00 00
1230: 00 00 00 00 00 00 00 00
1238: 00 00 00 00 00 00 00 00
1240: 00 00 00 00 00 00 00 00
1248: 00 00 00 00 00 00 00 00
1250: 00 00 00 00 00 00 00 00
1258: 00 00 00 00 00 00 00 00
1260: 00 00 00 00 00 00 00 00
1268: 00 00 00 00 00 00 00 00
1270: 00 00 00 00 00 00 00 00
1278: 00 00 00 00 00 00 00 00
1280: 00 00 00 00 00 00 00 00
1288: 00 00 00 00 00 00 00 00
1290: 00 00 00 00 00 00 00 00
1298: 00 00 00 00 00 00 00 00
12A0: 00 00 00 00 00 00 00 00
12A8: 00 00 00 00 00 00 00 00
12B0: 00 00 00 00 00 00 00 00
12B8: 00 00 00 00 00 00 00 00
12C0: 00 00 00 00 00 00 00 00
12C8: 00 00 00 00 00 00 00 00
12D0: 00 00 00 00 00 00 00 00
12D8: 00 00 00 00 00 00 00 00
12E0: 00 00 00 00 00 00 00 00
12E8: 00 00 00 00 00 00 00 00
12F0: 00 00 00 00 00 00 00 00
12F8: 00 00 00 00 00 00 00 00
1300: 00 00 00 00 00 00 00 00
1308: 00 00 00 00 00 00 00 00
1310: 00 00 00 00 00 00 00 00
1318: 00 00 00 00 00 00 00 00
1320: 00 00 00 00 00 00 00 00
1328: 00 00 00 00 00 00 00 00
1330: 00 00 00 00 00 00 00 00
1338: 00 00 00 00 00 00 00 00
1340: 00 00 00 00 00 00 00 00
1348: 00 00 00 00 00 00 00 00
1350: 00 00 00 00 00 00 00 00
1358: 00 00 00 00 00 00 00 00
1360: 00 00 00 00 00 00 00 00
1368: 00 00 00 00 00 00 00 00
1370: 00 00 00 00 00 00 00 00
1378: 00 00 00 00 00 00 00 00
1380: 00 00 00 00 00 00 00 00
1388: 00 00 00 00 00 00 00 00
1390: 00 00 00 00 00 00 00 00
1398: 00 00 00 00 00 00 00 00
13A0: 00 00 00 00 00 00 00 00
13A8: 00 00 00 00 00 00 00 00
13B0: 00 00 00 00 00 00 00 00
13B8: 00 00 00 00 00 00 00 00
13C0: 00 00 00 00 00 00 00 00
13C8: 00 00 00 00 00 00 00 00
13D0: 00 00 00 00 00 00 00 00
13D8: 00 00 00 00 00 00 00 00
13E0: 00 00 00 00 00 00 00 00
13E8: 00 00 00 00 00 00 00 00
13F0: 00 00 00 00 00 00 00 00
13F8: 00 00 00 00 00 00 00 00
1400: 00 00 00 00 00 00 00 00
1408: 00 00 00 00 00 00 00 00
1410: 00 00 00 00 00 00 00 00
1418: 00 00 00 00 00 00 00 00
1420: 00 00 00 00 00 00 00 00
1428: 00 00 00 00 00 00 00 00
1430: 00 00 00 00 00 00 00 00
1438: 00 00 00 00 00 00 00 00
1440: 00 00 00 00 00 00 00 00
1448: 00 00 00 00 00 00 00 00
1450: 00 00 00 00 00 00 00 00
1458: 00 00 00 00 00 00 00 00
1460: 00 00 00 00 00 00 00 00
1468: 00 00 00 00 00 00 00 00
1470: 00 00 00 00 00 00 00 00
1478: 00 00 00 00 00 00 00 00
1480: 00 00 00 00 00 00 00 00
1488: 00 00 00 00 00 00 00 00
1490: 00 00 00 00 00 00 00 00
1498: 00 00 00 00 00 00 00 00
14A0: 00 00 00 00 00 00 00 00
14A8: 00 00 00 00 00 00 00 00
14B0: 00 00 00 00 00 00 00 00
14B8: 00 00 00 00 00 00 00 00
14C0: 00 00 00 00 00 00 00 00
14C8: 00 00 00 00 00 00 00 00
14D0: 00 00 00 00 00 00 00 00
14D8: 00 00 00 00 00 00 00 00
14E0: 00 00 00 00 00 00 00 00
14E8: 00 00 00 00 00 00 00 00
14F0: 00 00 00 00 00 00 00 00
14F8: 00 00 00 00 00 00 00 00
1500: 00 00 00 00 00 00 00 00
1508: 00 00 00 00 00 00 00 00
1510: 00 00 00 00 00 00 00 00
1518: 00 00 00 00 00 00 00 00
1520: 00 00 00 00 00 00 00 00
1528: 00 00 00 00 00 00 00 00
1530: 00 00 00 00 00 00 00 00
1538: 00 00 00 00 00 00 00 00
1540: 00 00 00 00 00 00 00 00
1548: 00 00 00 00 00 00 00 00
1550: 00 00 00 00 00 00 00 00
1558: 00 00 00 00 00 00 00 00
1560: 00 00 00 00 00 00 00 00
1568: 00 00 00 00 00 00 00 00
1570: 00 00 00 00 00 00 00 00
1578: 00 00 00 00 00 00 00 00
1580: 00 00 00 00 00 00 00 00
1588: 00 00 00 00 00 00 00 00
1590: 00 00 00 00 00 00 00 00
1598: 00 00 00 00 00 00 00 00
15A0: 00 00 00 00 00 00 00 00
15A8: 00 00 00 00 00 00 00 00
15B0: 00 00 00 00 00 00 00 00
15B8: 00 00 00 00 00 00 00 00
15C0: 00 00 00 00 00 00 00 00
15C8: 00 00 00 00 00 00 00 00
15D0: 00 00 00 00 00 00 00 00
15D8: 00 00 00 00 00 00 00 00
15E0: 00 00 00 00 00 00 00 00
15E8: 00 00 00 00 00 00 00 00
15F0: 00 00 00 00 00 00 00 00
15F8: 00 00 00 00 00 00 00 00
1600: 00 00 00 00 00 00 00 00
1608: 00 00 00 00 00 00 00 00
1610: 00 00 00 00 00 00 00 00
1618: 00 00 00 00 00 00 00 00
1620: 00 00 00 00 00 00 00 00
1628: 00 00 00 00 00 00 00 00
1630: 00 00 00 00 00 00 00 00
1638: 00 00 00 00 00 00 00 00
1640: 00 00 00 00 00 00 00 00
1648: 00 00 00 00 00 00 00 00
1650: 00 00 00 00 00 00 00 00
1658: 00 00 00 00 00 00 00 00
1660: 00 00 00 00 00 00 00 00
1668: 00 00 00 00 00 00 00 00
1670: 00 00 00 00 00 00 00 00
1678: 00 00 00 00 00 00 00 00
1680: 00 00 00 00 00 00 00 00
1688: 00 00 00 00 00 00 00 00
1690: 00 00 00 00 00 00 00 00
1698: 00 00 00 00 00 00 00 00
16A0: 00 00 00 00 00 00 00 00
16A8: 00 00 00 00 00 00 00 00
16B0: 00 00 00 00 00 00 00 00
16B8: 00 00 00 00 00 00 00 00
16C0: 00 00 00 00 00 00 00 00
16C8: 00 00 00 00 00 00 00 00
16D0: 00 00 00 00 00 00 00 00
16D8: 00 00 00 00 00 00 00 00
16E0: 00 00 00 00 00 00 00 00
16E8: 00 00 00 00 00 00 00 00
16F0: 00 00 00 00 00 00 00 00
16F8: 00 00 00 00 00 00 00 00
1700: 00 00 00 00 00 00 00 00
1708: 00 00 00 00 00 00 00 00
1710: 00 00 00 00 00 00 00 00
1718: 00 00 00 00 00 00 00 00
1720: 00 00 00 00 00 00 00 00
1728: 00 00 00 00 00 00 00 00
1730: 00 00 00 00 00 00 00 00
1738: 00 00 00 00 00 00 00 00
1740: 00 00 00 00 00 00 00 00
1748: 00 00 00 00 00 00 00 00
1750: 00 00 00 00 00 00 00 00
1758: 00 00 00 00 00 00 00 00
1760: 00 00 00 00 00 00 00 00
1768: 00 00 00 00 00 00 00 00
1770: 00 00 00 00 00 00 00 00
1778: 00 00 00 00 00 00 00 00
1780: 00 00 00 00 00 00 00 00
1788: 00 00 00 00 00 00 00 00
1790: 00 00 00 00 00 00 00 00
1798: 00 00 00 00 00 00 00 00
17A0: 00 00 00 00 00 00 00 00
17A8: 00 00 00 00 00 00 00 00
17B0: 00 00 00 00 00 00 00 00
17B8: 00 00 00 00 00 00 00 00
17C0: 00 00 00 00 00 00 00 00
17C8: 00 00 00 00 00 00 00 00
17D0: 00 00 00 00 00 00 00 00
17D8: 00 00 00 00 00 00 00 00
17E0: 00 00 00 00 00 00 00 00
17E8: 00 00 00 00 00 00 00 00
17F0: 00 00 00 00 00 00 00 00
17F8: 00 00 00 00 00 00 00 00
1800: 00 00 00 00 00 00 00 00
1808: 00 00 00 00 00 00 00 00
1810: 00 00 00 00 00 00 00 00
1818: 00 00 00 00 00 00 00 00
1820: 00 00 00 00 00 00 00 00
1828: 00 00 00 00 00 00 00 00
1830: 00 00 00 00 00 00 00 00
1838: 00 00 00 00 00 00 00 00
1840: 00 00 00 00 00 00 00 00
1848: 00 00 00 00 00 00 00 00
1850: 00 00 00 00 00 00 00 00
1858: 00 00 00 00 00 00 00 00
1860: 00 00 00 00 00 00 00 00
1868: 00 00 00 00 00 00 00 00
1870: 00 00 00 00 00 00 00 00
1878: 00 00 00 00 00 00 00 00
1880: 00 00 00 00 00 00 00 00
1888: 00 00 00 00 00 00 00 00
1890: 00 00 00 00 00 00 00 00
1898: 00 00 00 00 00 00 00 00
18A0: 00 00 00 00 00 00 00 00
18A8: 00 00 00 00 00 00 00 00
18B0: 00 00 00 00 00 00 00 00
18B8: 00 00 00 00 00 00 00 00
18C0: 00 00 00 00 00 00 00 00
18C8: 00 00 00 00 00 00 00 00
18D0: 00 00 00 00 00 00 00 00
18D8: 00 00 00 00 00 00 00 00
18E0: 00 00 00 00 00 00 00 00
18E8: 00 00 00 00 00 00 00 00
18F0: 00 00 00 00 00 00 00 00
18F8: 00 00 00 00 00 00 00 00
1900: 00 00 00 00 00 00 00 00
1908: 00 00 00 00 00 00 00 00
1910: 00 00 00 00 00 00 00 00
1918: 00 00 00 00 00 00 00 00
1920: 00 00 00 00 00 00 00 00
1928: 00 00 00 00 00 00 00 00
1930: 00 00 00 00 00 00 00 00
1938: 00 00 00 00 00 00 00 00
1940: 00 00 00 00 00 00 00 00
1948: 00 00 00 00 00 00 00 00
1950: 00 00 00 00 00 00 00 00
1958: 00 00 00 00 00 00 00 00
1960: 00 00 00 00 00 00 00 00
1968: 00 00 00 00 00 00 00 00
1970: 00 00 00 00 00 00 00 00
1978: 00 00 00 00 00 00 00 00
1980: 00 00 00 00 00 00 00 00
1988: 00 00 00 00 00 00 00 00
1990: 00 00 00 00 00 00 00 00
1998: 00 00 00 00 00 00 00 00
19A0: 00 00 00 00 00 00 00 00
19A8: 00 00 00 00 00 00 00 00
19B0: 00 00 00 00 00 00 00 00
19B8: 00 00 00 00 00 00 00 00
19C0: 00 00 00 00 00 00 00 00
19C8: 00 00 00 00 00 00 00 00
19D0: 00 00 00 00 00 00 00 00
19D8: 00 00 00 00 00 00 00 00
19E0: 00 00 00 00 00 00 00 00
19E8: 00 00 00 00 00 00 00 00
19F0: 00 00 00 00 00 00 00 00
19F8: 00 00 00 00 00 00 00 00
1A00: 00 00 00 00 00 00 00 00
1A08: 00 00 00 00 00 00 00 00
1A10: 00 00 00 00 00 00 00 00
1A18: 00 00 00 00 00 00 00 00
1A20: 00 00 00 00 00 00 00 00
1A28: 00 00 00 00 00 00 00 00
1A30: 00 00 00 00 00 00 00 00
1A38: 00 00 00 00 00 00 00 00
1A40: 00 00 00 00 00 00 00 00
1A48: 00 00 00 00 00 00 00 00
1A50: 00 00 00 00 00 00 00 00
1A58: 00 00 00 00 00 00 00 00
1A60: 00 00 00 00 00 00 00 00
1A68: 00 00 00 00 00 00 00 00
1A70: 00 00 00 00 00 00 00 00
1A78: 00 00 00 00 00 00 00 00
1A80: 00 00 00 00 00 00 00 00
1A88: 00 00 00 00 00 00 00 00
1A90: 00 00 00 00 00 00 00 00
1A98: 00 00 00 00 00 00 00 00
1AA0: 00 00 00 00 00 00 00 00
1AA8: 00 00 00 00 00 00 00 00
1AB0: 00 00 00 00 00 00 00 00
1AB8: 00 00 00 00 00 00 00 00
1AC0: 00 00 00 00 00 00 00 00
1AC8: 00 00 00 00 00 00 00 00
1AD0: 00 00 00 00 00 00 00 00
1AD8: 00 00 00 00 00 00 00 00
1AE0: 00 00 00 00 00 00 00 00
1AE8: 00 00 00 00 00 00 00 00
1AF0: 00 00 00 00 00 00 00 00
1AF8: 00 00 00 00 00 00 00 00
1B00: 00 00 00 00 00 00 00 00
1B08: 00 00 00 00 00 00 00 00
1B10: 00 00 00 00 00 00 00 00
1B18: 00 00 00 00 00 00 00 00
1B20: 00 00 00 00 00 00 00 00
1B28: 00 00 00 00 00 00 00 00
1B30: 00 00 00 00 00 00 00 00
1B38: 00 00 00 00 00 00 00 00
1B40: 00 00 00 00 00 00 00 00
1B48: 00 00 00 00 00 00 00 00
1B50: 00 00 00 00 00 00 00 00
1B58: 00 00 00 00 00 00 00 00
1B60: 00 00 00 00 00 00 00 00
1B68: 00 00 00 00 00 00 00 00
1B70: 00 00 00 00 00 00 00 00
1B78: 00 00 00 00 00 00 00 00
1B80: 00 00 00 00 00 00 00 00
1B88: 00 00 00 00 00 00 00 00
1B90: 00 00 00 00 00 00 00 00
1B98: 00 00 00 00 00 00 00 00
1BA0: 00 00 00 00 00 00 00 00
1BA8: 00 00 00 00 00 00 00 00
1BB0: 00 00 00 00 00 00 00 00
1BB8: 00 00 00 00 00 00 00 00
1BC0: 00 00 00 00 00 00 00 00
1BC8: 00 00 00 00 00 00 00 00
1BD0: 00 00 00 00 00 00 00 00
1BD8: 00 00 00 00 00 00 00 00
1BE0: 00 00 00 00 00 00 00 00
1BE8: 00 00 00 00 00 00 00 00
1BF0: 00 00 00 00 00 00 00 00
1BF8: 00 00 00 00 00 00 00 00
1C00: 00 00 00 00 00 00 00 00
1C08: 00 00 00 00 00 00 00 00
1C10: 00 00 00 00 00 00 00 00
1C18: 00 00 00 00 00 00 00 00
1C20: 00 00 00 00 00 00 00 00
1C28: 00 00 00 00 00 00 00 00
1C30: 00 00 00 00 00 00 00 00
1C38: 00 00 00 00 00 00 00 00
1C40: 00 00 00 00 00 00 00 00
1C48: 00 00 00 00 00 00 00 00
1C50: 00 00 00 00 00 00 00 00
1C58: 00 00 00 00 00 00 00 00
1C60: 00 00 00 00 00 00 00 00
1C68: 00 00 00 00 00 00 00 00
1C70: 00 00 00 00 00 00 00 00
1C78: 00 00 00 00 00 00 00 00
1C80: 00 00 00 00 00 00 00 00
1C88: 00 00 00 00 00 00 00 00
1C90: 00 00 00 00 00 00 00 00
1C98: 00 00 00 00 00 00 00 00
1CA0: 00 00 00 00 00 00 00 00
1CA8: 00 00 00 00 00 00 00 00
1CB0: 00 00 00 00 00 00 00 00
1CB8: 00 00 00 00 00 00 00 00
1CC0: 00 00 00 00 00 00 00 00
1CC8: 00 00 00 00 00 00 00 00
1CD0: 00 00 00 00 00 00 00 00
1CD8: 00 00 00 00 00 00 00 00
1CE0: 00 00 00 00 00 00 00 00
1CE8: 00 00 00 00 00 00 00 00
1CF0: 00 00 00 00 00 00 00 00
1CF8: 00 00 00 00 00 00 00 00
1D00: 00 00 00 00 00 00 00 00
1D08: 00 00 00 00 00 00 00 00
1D10: 00 00 00 00 00 00 00 00
1D18: 00 00 00 00 00 00 00 00
1D20: 00 00 00 00 00 00 00 00
1D28: 00 00 00 00 00 00 00 00
1D30: 00 00 00 00 00 00 00 00
1D38: 00 00 00 00 00 00 00 00
1D40: 00 00 00 00 00 00 00 00
1D48: 00 00 00 00 00 00 00 00
1D50: 00 00 00 00 00 00 00 00
1D58: 00 00 00 00 00 00 00 00
1D60: 00 00 00 00 00 00 00 00
1D68: 00 00 00 00 00 00 00 00
1D70: 00 00 00 00 00 00 00 00
1D78: 00 00 00 00 00 00 00 00
1D80: 00 00 00 00 00 00 00 00
1D88: 00 00 00 00 00 00 00 00
1D90: 00 00 00 00 00 00 00 00
1D98: 00 00 00 00 00 00 00 00
1DA0: 00 00 00 00 00 00 00 00
1DA8: 00 00 00 00 00 00 00 00
1DB0: 00 00 00 00 00 00 00 00
1DB8: 00 00 00 00 00 00 00 00
1DC0: 00 00 00 00 00 00 00 00
1DC8: 00 00 00 00 00 00 00 00
1DD0: 00 00 00 00 00 00 00 00
1DD8: 00 00 00 00 00 00 00 00
1DE0: 00 00 00 00 00 00 00 00
1DE8: 00 00 00 00 00 00 00 00
1DF0: 00 00 00 00 00 00 00 00
1DF8: 00 00 00 00 00 00 00 00
1E00: 00 00 00 00 00 00 00 00
1E08: 00 00 00 00 00 00 00 00
1E10: 00 00 00 00 00 00 00 00
1E18: 00 00 00 00 00 00 00 00
1E20: 00 00 00 00 00 00 00 00
1E28: 00 00 00 00 00 00 00 00
1E30: 00 00 00 00 00 00 00 00
1E38: 00 00 00 00 00 00 00 00
1E40: 00 00 00 00 00 00 00 00
1E48: 00 00 00 00 00 00 00 00
1E50: 00 00 00 00 00 00 00 00
1E58: 00 00 00 00 00 00 00 00
1E60: 00 00 00 00 00 00 00 00
1E68: 00 00 00 00 00 00 00 00
1E70: 00 00 00 00 00 00 00 00
1E78: 00 00 00 00 00 00 00 00
1E80: 00 00 00 00 00 00 00 00
1E88: 00 00 00 00 00 00 00 00
1E90: 00 00 00 00 00 00 00 00
1E98: 00 00 00 00 00 00 00 00
1EA0: 00 00 00 00 00 00 00 00
1EA8: 00 00 00 00 00 00 00 00
1EB0: 00 00 00 00 00 00 00 00
1EB8: 00 00 00 00 00 00 00 00
1EC0: 00 00 00 00 00 00 00 00
1EC8: 00 00 00 00 00 00 00 00
1ED0: 00 00 00 00 00 00 00 00
1ED8: 00 00 00 00 00 00 00 00
1EE0: 00 00 00 00 00 00 00 00
1EE8: 00 00 00 00 00 00 00 00
1EF0: 00 00 00 00 00 00 00 00
1EF8: 00 00 00 00 00 00 00 00
1F00: 00 00 00 00 00 00 00 00
1F08: 00 00 00 00 00 00 00 00
1F10: 00 00 00 00 00 00 00 00
1F18: 00 00 00 00 00 00 00 00
1F20: 00 00 00 00 00 00 00 00
1F28: 00 00 00 00 00 00 00 00
1F30: 00 00 00 00 00 00 00 00
1F38: 00 00 00 00 00 00 00 00
1F40: 00 00 00 00 00 00 00 00
1F48: 00 00 00 00 00 00 00 00
1F50: 00 00 00 00 00 00 00 00
1F58: 00 00 00 00 00 00 00 00
1F60: 00 00 00 00 00 00 00 00
1F68: 00 00 00 00 00 00 00 00
1F70: 00 00 00 00 00 00 00 00
1F78: 00 00 00 00 00 00 00 00
1F80: 00 00 00 00 00 00 00 00
1F88: 00 00 00 00 00 00 00 00
1F90: 00 00 00 00 00 00 00 00
1F98: 00 00 00 00 00 00 00 00
1FA0: 00 00 00 00 00 00 00 00
1FA8: 00 00 00 00 00 00 00 00
1FB0: 00 00 00 00 00 00 00 00
1FB8: 00 00 00 00 00 00 00 00
1FC0: 00 00 00 00 00 00 00 00
1FC8: 00 00 00 00 00 00 00 00
1FD0: 00 00 00 00 00 00 00 00
1FD8: 00 00 00 00 00 00 00 00
1FE0: 00 00 00 00 00 00 00 00
1FE8: 00 00 00 00 00 00 00 00
1FF0: 00 00 00 00 00 00 00 00
1FF8: 00 00 00 00 00 00 00 00
2000: 00 00 00 00 00 00 00 00
2008: 00 00 00 00 00 00 00 00
2010: 00 00 00 00 00 00 00 00
2018: 00 00 00 00 00 00 00 00
2020: 00 00 00 00 00 00 00 00
2028: 00 00 00 00 00 00 00 00
2030: 00 00 00 00 00 00 00 00
2038: 00 00 00 00 00 00 00 00
2040: 00 00 00 00 00 00 00 00
2048: 00 00 00 00 00 00 00 00
2050: 00 00 00 00 00 00 00 00
2058: 00 00 00 00 00 00 00 00
2060: 00 00 00 00 00 00 00 00
2068: 00 00 00 00 00 00 00 00
2070: 00 00 00 00 00 00 00 00
2078: 00 00 00 00 00 00 00 00
2080: 00 00 00 00 00 00 00 00
2088: 00 00 00 00 00 00 00 00
2090: 00 00 00 00 00 00 00 00
2098: 00 00 00 00 00 00 00 00
20A0: 00 00 00 00 00 00 00 00
20A8: 00 00 00 00 00 00 00 00
20B0: 00 00 00 00 00 00 00 00
20B8: 00 00 00 00 00 00 00 00
20C0: 00 00 00 00 00 00 00 00
20C8: 00 00 00 00 00 00 00 00
20D0: 00 00 00 00 00 00 00 00
20D8: 00 00 00 00 00 00 00 00
20E0: 00 00 00 00 00 00 00 00
20E8: 00 00 00 00 00 00 00 00
20F0: 00 00 00 00 00 00 00 00
20F8: 00 00 00 00 00 00 00 00
2100: 00 00 00 00 00 00 00 00
2108: 00 00 00 00 00 00 00 00
2110: 00 00 00 00 00 00 00 00
2118: 00 00 00 00 00 00 00 00
2120: 00 00 00 00 00 00 00 00
2128: 00 00 00 00 00 00 00 00
2130: 00 00 00 00 00 00 00 00
2138: 00 00 00 00 00 00 00 00
2140: 00 00 00 00 00 00 00 00
2148: 00 00 00 00 00 00 00 00
2150: 00 00 00 00 00 00 00 00
2158: 00 00 00 00 00 00 00 00
2160: 00 00 00 00 00 00 00 00
2168: 00 00 00 00 00 00 00 00
2170: 00 00 00 00 00 00 00 00
2178: 00 00 00 00 00 00 00 00
2180: 00 00 00 00 00 00 00 00
2188: 00 00 00 00 00 00 00 00
2190: 00 00 00 00 00 00 00 00
2198: 00 00 00 00 00 00 00 00
21A0: 00 00 00 00 00 00 00 00
21A8: 00 00 00 00 00 00 00 00
21B0: 00 00 00 00 00 00 00 00
21B8: 00 00 00 00 00 00 00 00
21C0: 00 00 00 00 00 00 00 00
21C8: 00 00 00 00 00 00 00 00
21D0: 00 00 00 00 00 00 00 00
21D8: 00 00 00 00 00 00 00 00
21E0: 00 00 00 00 00 00 00 00
21E8: 00 00 00 00 00 00 00 00
21F0: 00 00 00 00 00 00 00 00
21F8: 00 00 00 00 00 00 00 00
2200: 00 00 00 00 00 00 00 00
2208: 00 00 00 00 00 00 00 00
2210: 00 00 00 00 00 00 00 00
2218: 00 00 00 00 00 00 00 00
2220: 00 00 00 00 00 00 00 00
2228: 00 00 00 00 00 00 00 00
2230: 00 00 00 00 00 00 00 00
2238: 00 00 00 00 00 00 00 00
2240: 00 00 00 00 00 00 00 00
2248: 00 00 00 00 00 00 00 00
2250: 00 00 00 00 00 00 00 00
2258: 00 00 00 00 00 00 00 00
2260: 00 00 00 00 00 00 00 00
2268: 00 00 00 00 00 00 00 00
2270: 00 00 00 00 00 00 00 00
2278: 00 00 00 00 00 00 00 00
2280: 00 00 00 00 00 00 00 00
2288: 00 00 00 00 00 00 00 00
2290: 00 00 00 00 00 00 00 00
2298: 00 00 00 00 00 00 00 00
22A0: 00 00 00 00 00 00 00 00
22A8: 00 00 00 00 00 00 00 00
22B0: 00 00 00 00 00 00 00 00
22B8: 00 00 00 00 00 00 00 00
22C0: 00 00 00 00 00 00 00 00
22C8: 00 00 00 00 00 00 00 00
22D0: 00 00 00 00 00 00 00 00
22D8: 00 00 00 00 00 00 00 00
22E0: 00 00 00 00 00 00 00 00
22E8: 00 00 00 00 00 00 00 00
22F0: 00 00 00 00 00 00 00 00
22F8: 00 00 00 00 00 00 00 00
2300: 00 00 00 00 00 00 00 00
2308: 00 00 00 00 00 00 00 00
2310: 00 00 00 00 00 00 00 00
2318: 00 00 00 00 00 00 00 00
2320: 00 00 00 00 00 00 00 00
2328: 00 00 00 00 00 00 00 00
2330: 00 00 00 00 00 00 00 00
2338: 00 00 00 00 00 00 00 00
2340: 00 00 00 00 00 00 00 00
2348: 00 00 00 00 00 00 00 00
2350: 00 00 00 00 00 00 00 00
2358: 00 00 00 00 00 00 00 00
2360: 00 00 00 00 00 00 00 00
2368: 00 00 00 00 00 00 00 00
2370: 00 00 00 00 00 00 00 00
2378: 00 00 00 00 00 00 00 00
2380: 00 00 00 00 00 00 00 00
2388: 00 00 00 00 00 00 00 00
2390: 00 00 00 00 00 00 00 00
2398: 00 00 00 00 00 00 00 00
23A0: 00 00 00 00 00 00 00 00
23A8: 00 00 00 00 00 00 00 00
23B0: 00 00 00 00 00 00 00 00
23B8: 00 00 00 00 00 00 00 00
23C0: 00 00 00 00 00 00 00 00
23C8: 00 00 00 00 00 00 00 00
23D0: 00 00 00 00 00 00 00 00
23D8: 00 00 00 00 00 00 00 00
23E0: 00 00 00 00 00 00 00 00
23E8: 00 00 00 00 00 00 00 00
23F0: 00 00 00 00 00 00 00 00
23F8: 00 00 00 00 00 00 00 00
2400: 00 00 00 00 00 00 00 00
2408: 00 00 00 00 00 00 00 00
2410: 00 00 00 00 00 00 00 00
2418: 00 00 00 00 00 00 00 00
2420: 00 00 00 00 00 00 00 00
2428: 00 00 00 00 00 00 00 00
2430: 00 00 00 00 00 00 00 00
2438: 00 00 00 00 00 00 00 00
2440: 00 00 00 00 00 00 00 00
2448: 00 00 00 00 00 00 00 00
2450: 00 00 00 00 00 00 00 00
2458: 00 00 00 00 00 00 00 00
2460: 00 00 00 00 00 00 00 00
2468: 00 00 00 00 00 00 00 00
2470: 00 00 00 00 00 00 00 00
2478: 00 00 00 00 00 00 00 00
2480: 00 00 00 00 00 00 00 00
2488: 00 00 00 00 00 00 00 00
2490: 00 00 00 00 00 00 00 00
2498: 00 00 00 00 00 00 00 00
24A0: 00 00 00 00 00 00 00 00
24A8: 00 00 00 00 00 00 00 00
24B0: 00 00 00 00 00 00 00 00
24B8: 00 00 00 00 00 00 00 00
24C0: 00 00 00 00 00 00 00 00
24C8: 00 00 00 00 00 00 00 00
24D0: 00 00 00 00 00 00 00 00
24D8: 00 00 00 00 00 00 00 00
24E0: 00 00 00 00 00 00 00 00
24E8: 00 00 00 00 00 00 00 00
24F0: 00 00 00 00 00 00 00 00
24F8: 00 00 00 00 00 00 00 00
2500: 00 00 00 00 00 00 00 00
2508: 00 00 00 00 00 00 00 00
2510: 00 00 00 00 00 00 00 00
2518: 00 00 00 00 00 00 00 00
2520: 00 00 00 00 00 00 00 00
2528: 00 00 00 00 00 00 00 00
2530: 00 00 00 00 00 00 00 00
2538: 00 00 00 00 00 00 00 00
2540: 00 00 00 00 00 00 00 00
2548: 00 00 00 00 00 00 00 00
2550: 00 00 00 00 00 00 00 00
2558: 00 00 00 00 00 00 00 00
2560: 00 00 00 00 00 00 00 00
2568: 00 00 00 00 00 00 00 00
2570: 00 00 00 00 00 00 00 00
2578: 00 00 00 00 00 00 00 00
2580: 00 00 00 00 00 00 00 00
2588: 00 00 00 00 00 00 00 00
2590: 00 00 00 00 00 00 00 00
2598: 00 00 00 00 00 00 00 00
25A0: 00 00 00 00 00 00 00 00
25A8: 00 00 00 00 00 00 00 00
25B0: 00 00 00 00 00 00 00 00
25B8: 00 00 00 00 00 00 00 00
25C0: 00 00 00 00 00 00 00 00
25C8: 00 00 00 00 00 00 00 00
25D0: 00 00 00 00 00 00 00 00
25D8: 00 00 00 00 00 00 00 00
25E0: 00 00 00 00 00 00 00 00
25E8: 00 00 00 00 00 00 00 00
25F0: 00 00 00 00 00 00 00 00
25F8: 00 00 00 00 00 00 00 00
2600: 00 00 00 00 00 00 00 00
2608: 00 00 00 00 00 00 00 00
2610: 00 00 00 00 00 00 00 00
2618: 00 00 00 00 00 00 00 00
2620: 00 00 00 00 00 00 00 00
2628: 00 00 00 00 00 00 00 00
2630: 00 00 00 00 00 00 00 00
2638: 00 00 00 00 00 00 00 00
2640: 00 00 00 00 00 00 00 00
2648: 00 00 00 00 00 00 00 00
2650: 00 00 00 00 00 00 00 00
2658: 00 00 00 00 00 00 00 00
2660: 00 00 00 00 00 00 00 00
2668: 00 00 00 00 00 00 00 00
2670: 00 00 00 00 00 00 00 00
2678: 00 00 00 00 00 00 00 00
2680: 00 00 00 00 00 00 00 00
2688: 00 00 00 00 00 00 00 00
2690: 00 00 00 00 00 00 00 00
2698: 00 00 00 00 00 00 00 00
26A0: 00 00 00 00 00 00 00 00
26A8: 00 00 00 00 00 00 00 00
26B0: 00 00 00 00 00 00 00 00
26B8: 00 00 00 00 00 00 00 00
26C0: 00 00 00 00 00 00 00 00
26C8: 00 00 00 00 00 00 00 00
26D0: 00 00 00 00 00 00 00 00
26D8: 00 00 00 00 00 00 00 00
26E0: 00 00 00 00 00 00 00 00
26E8: 00 00 00 00 00 00 00 00
26F0: 00 00 00 00 00 00 00 00
26F8: 00 00 00 00 00 00 00 00
2700: 00 00 00 00 00 00 00 00
2708: 00 00 00 00 00 00 00 00
2710: 00 00 00 00 00 00 00 00
2718: 00 00 00 00 00 00 00 00
2720: 00 00 00 00 00 00 00 00
2728: 00 00 00 00 00 00 00 00
2730: 00 00 00 00 00 00 00 00
2738: 00 00 00 00 00 00 00 00
2740: 00 00 00 00 00 00 00 00
2748: 00 00 00 00 00 00 00 00
2750: 00 00 00 00 00 00 00 00
2758: 00 00 00 00 00 00 00 00
2760: 00 00 00 00 00 00 00 00
2768: 00 00 00 00 00 00 00 00
2770: 00 00 00 00 00 00 00 00
2778: 00 00 00 00 00 00 00 00
2780: 00 00 00 00 00 00 00 00
2788: 00 00 00 00 00 00 00 00
2790: 00 00 00 00 00 00 00 00
2798: 00 00 00 00 00 00 00 00
27A0: 00 00 00 00 00 00 00 00
27A8: 00 00 00 00 00 00 00 00
27B0: 00 00 00 00 00 00 00 00
27B8: 00 00 00 00 00 00 00 00
27C0: 00 00 00 00 00 00 00 00
27C8: 00 00 00 00 00 00 00 00
27D0: 00 00 00 00 00 00 00 00
27D8: 00 00 00 00 00 00 00 00
27E0: 00 00 00 00 00 00 00 00
27E8: 00 00 00 00 00 00 00 00
27F0: 00 00 00 00 00 00 00 00
27F8: 00 00 00 00 00 00 00 00
2800: 00 00 00 00 00 00 00 00
2808: 00 00 00 00 00 00 00 00
2810: 00 00 00 00 00 00 00 00
2818: 00 00 00 00 00 00 00 00
2820: 00 00 00 00 00 00 00 00
2828: 00 00 00 00 00 00 00 00
2830: 00 00 00 00 00 00 00 00
2838: 00 00 00 00 00 00 00 00
2840: 00 00 00 00 00 00 00 00
2848: 00 00 00 00 00 00 00 00
2850: 00 00 00 00 00 00 00 00
2858: 00 00 00 00 00 00 00 00
2860: 00 00 00 00 00 00 00 00
2868: 00 00 00 00 00 00 00 00
2870: 00 00 00 00 00 00 00 00
2878: 00 00 00 00 00 00 00 00
2880: 00 00 00 00 00 00 00 00
2888: 00 00 00 00 00 00 00 00
2890: 00 00 00 00 00 00 00 00
2898: 00 00 00 00 00 00 00 00
28A0: 00 00 00 00 00 00 00 00
28A8: 00 00 00 00 00 00 00 00
28B0: 00 00 00 00 00 00 00 00
28B8: 00 00 00 00 00 00 00 00
28C0: 00 00 00 00 00 00 00 00
28C8: 00 00 00 00 00 00 00 00
28D0: 00 00 00 00 00 00 00 00
28D8: 00 00 00 00 00 00 00 00
28E0: 00 00 00 00 00 00 00 00
28E8: 00 00 00 00 00 00 00 00
28F0: 00 00 00 00 00 00 00 00
28F8: 00 00 00 00 00 00 00 00
2900: 00 00 00 00 00 00 00 00
2908: 00 00 00 00 00 00 00 00
2910: 00 00 00 00 00 00 00 00
2918: 00 00 00 00 00 00 00 00
2920: 00 00 00 00 00 00 00 00
2928: 00 00 00 00 00 00 00 00
2930: 00 00 00 00 00 00 00 00
2938: 00 00 00 00 00 00 00 00
2940: 00 00 00 00 00 00 00 00
2948: 00 00 00 00 00 00 00 00
2950: 00 00 00 00 00 00 00 00
2958: 00 00 00 00 00 00 00 00
2960: 00 00 00 00 00 00 00 00
2968: 00 00 00 00 00 00 00 00
2970: 00 00 00 00 00 00 00 00
2978: 00 00 00 00 00 00 00 00
2980: 00 00 00 00 00 00 00 00
2988: 00 00 00 00 00 00 00 00
2990: 00 00 00 00 00 00 00 00
2998: 00 00 00 00 00 00 00 00
29A0: 00 00 00 00 00 00 00 00
29A8: 00 00 00 00 00 00 00 00
29B0: 00 00 00 00 00 00 00 00
29B8: 00 00 00 00 00 00 00 00
29C0: 00 00 00 00 00 00 00 00
29C8: 00 00 00 00 00 00 00 00
29D0: 00 00 00 00 00 00 00 00
29D8: 00 00 00 00 00 00 00 00
29E0: 00 00 00 00 00 00 00 00
29E8: 00 00 00 00 00 00 00 00
29F0: 00 00 00 00 00 00 00 00
29F8: 00 00 00 00 00 00 00 00
2A00: 00 00 00 00 00 00 00 00
2A08: 00 00 00 00 00 00 00 00
2A10: 00 00 00 00 00 00 00 00
2A18: 00 00 00 00 00 00 00 00
2A20: 00 00 00 00 00 00 00 00
2A28: 00 00 00 00 00 00 00 00
2A30: 00 00 00 00 00 00 00 00
2A38: 00 00 00 00 00 00 00 00
2A40: 00 00 00 00 00 00 00 00
2A48: 00 00 00 00 00 00 00 00
2A50: 00 00 00 00 00 00 00 00
2A58: 00 00 00 00 00 00 00 00
2A60: 00 00 00 00 00 00 00 00
2A68: 00 00 00 00 00 00 00 00
2A70: 00 00 00 00 00 00 00 00
2A78: 00 00 00 00 00 00 00 00
2A80: 00 00 00 00 00 00 00 00
2A88: 00 00 00 00 00 00 00 00
2A90: 00 00 00 00 00 00 00 00
2A98: 00 00 00 00 00 00 00 00
2AA0: 00 00 00 00 00 00 00 00
2AA8: 00 00 00 00 00 00 00 00
2AB0: 00 00 00 00 00 00 00 00
2AB8: 00 00 00 00 00 00 00 00
2AC0: 00 00 00 00 00 00 00 00
2AC8: 00 00 00 00 00 00 00 00
2AD0: 00 00 00 00 00 00 00 00
2AD8: 00 00 00 00 00 00 00 00
2AE0: 00 00 00 00 00 00 00 00
2AE8: 00 00 00 00 00 00 00 00
2AF0: 00 00 00 00 00 00 00 00
2AF8: 00 00 00 00 00 00 00 00
2B00: 00 00 00 00 00 00 00 00
2B08: 00 00 00 00 00 00 00 00
2B10: 00 00 00 00 00 00 00 00
2B18: 00 00 00 00 00 00 00 00
2B20: 00 00 00 00 00 00 00 00
2B28: 00 00 00 00 00 00 00 00
2B30: 00 00 00 00 00 00 00 00
2B38: 00 00 00 00 00 00 00 00
2B40: 00 00 00 00 00 00 00 00
2B48: 00 00 00 00 00 00 00 00
2B50: 00 00 00 00 00 00 00 00
2B58: 00 00 00 00 00 00 00 00
2B60: 00 00 00 00 00 00 00 00
2B68: 00 00 00 00 00 00 00 00
2B70: 00 00 00 00 00 00 00 00
2B78: 00 00 00 00 00 00 00 00
2B80: 00 00 00 00 00 00 00 00
2B88: 00 00 00 00 00 00 00 00
2B90: 00 00 00 00 00 00 00 00
2B98: 00 00 00 00 00 00 00 00
2BA0: 00 00 00 00 00 00 00 00
2BA8: 00 00 00 00 00 00 00 00
2BB0: 00 00 00 00 00 00 00 00
2BB8: 00 00 00 00 00 00 00 00
2BC0: 00 00 00 00 00 00 00 00
2BC8: 00 00 00 00 00 00 00 00
2BD0: 00 00 00 00 00 00 00 00
2BD8: 00 00 00 00 00 00 00 00
2BE0: 00 00 00 00 00 00 00 00
2BE8: 00 00 00 00 00 00 00 00
2BF0: 00 00 00 00 00 00 00 00
2BF8: 00 00 00 00 00 00 00 00
2C00: 00 00 00 00 00 00 00 00
2C08: 00 00 00 00 00 00 00 00
2C10: 00 00 00 00 00 00 00 00
2C18: 00 00 00 00 00 00 00 00
2C20: 00 00 00 00 00 00 00 00
2C28: 00 00 00 00 00 00 00 00
2C30: 00 00 00 00 00 00 00 00
2C38: 00 00 00 00 00 00 00 00
2C40: 00 00 00 00 00 00 00 00
2C48: 00 00 00 00 00 00 00 00
2C50: 00 00 00 00 00 00 00 00
2C58: 00 00 00 00 00 00 00 00
2C60: 00 00 00 00 00 00 00 00
2C68: 00 00 00 00 00 00 00 00
2C70: 00 00 00 00 00 00 00 00
2C78: 00 00 00 00 00 00 00 00
2C80: 00 00 00 00 00 00 00 00
2C88: 00 00 00 00 00 00 00 00
2C90: 00 00 00 00 00 00 00 00
2C98: 00 00 00 00 00 00 00 00
2CA0: 00 00 00 00 00 00 00 00
2CA8: 00 00 00 00 00 00 00 00
2CB0: 00 00 00 00 00 00 00 00
2CB8: 00 00 00 00 00 00 00 00
2CC0: 00 00 00 00 00 00 00 00
2CC8: 00 00 00 00 00 00 00 00
2CD0: 00 00 00 00 00 00 00 00
2CD8: 00 00 00 00 00 00 00 00
2CE0: 00 00 00 00 00 00 00 00
2CE8: 00 00 00 00 00 00 00 00
2CF0: 00 00 00 00 00 00 00 00
2CF8: 00 00 00 00 00 00 00 00
2D00: 00 00 00 00 00 00 00 00
2D08: 00 00 00 00 00 00 00 00
2D10: 00 00 00 00 00 00 00 00
2D18: 00 00 00 00 00 00 00 00
2D20: 00 00 00 00 00 00 00 00
2D28: 00 00 00 00 00 00 00 00
2D30: 00 00 00 00 00 00 00 00
2D38: 00 00 00 00 00 00 00 00
2D40: 00 00 00 00 00 00 00 00
2D48: 00 00 00 00 00 00 00 00
2D50: 00 00 00 00 00 00 00 00
2D58: 00 00 00 00 00 00 00 00
2D60: 00 00 00 00 00 00 00 00
2D68: 00 00 00 00 00 00 00 00
2D70: 00 00 00 00 00 00 00 00
2D78: 00 00 00 00 00 00 00 00
2D80: 00 00 00 00 00 00 00 00
2D88: 00 00 00 00 00 00 00 00
2D90: 00 00 00 00 00 00 00 00
2D98: 00 00 00 00 00 00 00 00
2DA0: 00 00 00 00 00 00 00 00
2DA8: 00 00 00 00 00 00 00 00
2DB0: 00 00 00 00 00 00 00 00
2DB8: 00 00 00 00 00 00 00 00
2DC0: 00 00 00 00 00 00 00 00
2DC8: 00 00 00 00 00 00 00 00
2DD0: 00 00 00 00 00 00 00 00
2DD8: 00 00 00 00 00 00 00 00
2DE0: 00 00 00 00 00 00 00 00
2DE8: 00 00 00 00 00 00 00 00
2DF0: 00 00 00 00 00 00 00 00
2DF8: 00 00 00 00 00 00 00 00
2E00: 00 00 00 00 00 00 00 00
2E08: 00 00 00 00 00 00 00 00
2E10: 00 00 00 00 00 00 00 00
2E18: 00 00 00 00 00 00 00 00
2E20: 00 00 00 00 00 00 00 00
2E28: 00 00 00 00 00 00 00 00
2E30: 00 00 00 00 00 00 00 00
2E38: 00 00 00 00 00 00 00 00
2E40: 00 00 00 00 00 00 00 00
2E48: 00 00 00 00 00 00 00 00
2E50: 00 00 00 00 00 00 00 00
2E58: 00 00 00 00 00 00 00 00
2E60: 00 00 00 00 00 00 00 00
2E68: 00 00 00 00 00 00 00 00
2E70: 00 00 00 00 00 00 00 00
2E78: 00 00 00 00 00 00 00 00
2E80: 00 00 00 00 00 00 00 00
2E88: 00 00 00 00 00 00 00 00
2E90: 00 00 00 00 00 00 00 00
2E98: 00 00 00 00 00 00 00 00
2EA0: 00 00 00 00 00 00 00 00
2EA8: 00 00 00 00 00 00 00 00
2EB0: 00 00 00 00 00 00 00 00
2EB8: 00 00 00 00 00 00 00 00
2EC0: 00 00 00 00 00 00 00 00
2EC8: 00 00 00 00 00 00 00 00
2ED0: 00 00 00 00 00 00 00 00
2ED8: 00 00 00 00 00 00 00 00
2EE0: 00 00 00 00 00 00 00 00
2EE8: 00 00 00 00 00 00 00 00
2EF0: 00 00 00 00 00 00 00 00
2EF8: 00 00 00 00 00 00 00 00
2F00: 00 00 00 00 00 00 00 00
2F08: 00 00 00 00 00 00 00 00
2F10: 00 00 00 00 00 00 00 00
2F18: 00 00 00 00 00 00 00 00
2F20: 00 00 00 00 00 00 00 00
2F28: 00 00 00 00 00 00 00 00
2F30: 00 00 00 00 00 00 00 00
2F38: 00 00 00 00 00 00 00 00
2F40: 00 00 00 00 00 00 00 00
2F48: 00 00 00 00 00 00 00 00
2F50: 00 00 00 00 00 00 00 00
2F58: 00 00 00 00 00 00 00 00
2F60: 00 00 00 00 00 00 00 00
2F68: 00 00 00 00 00 00 00 00
2F70: 00 00 00 00 00 00 00 00
2F78: 00 00 00 00 00 00 00 00
2F80: 00 00 00 00 00 00 00 00
2F88: 00 00 00 00 00 00 00 00
2F90: 00 00 00 00 00 00 00 00
2F98: 00 00 00 00 00 00 00 00
2FA0: 00 00 00 00 00 00 00 00
2FA8: 00 00 00 00 00 00 00 00
2FB0: 00 00 00 00 00 00 00 00
2FB8: 00 00 00 00 00 00 00 00
2FC0: 00 00 00 00 00 00 00 00
2FC8: 00 00 00 00 00 00 00 00
2FD0: 00 00 00 00 00 00 00 00
2FD8: 00 00 00 00 00 00 00 00
2FE0: 00 00 00 00 00 00 00 00
2FE8: 00 00 00 00 00 00 00 00
2FF0: 00 00 00 00 00 00 00 00
2FF8: 00 00 00 00 00 00 00 00
3000: 00 00 00 00 00 00 00 00
3008: 00 00 00 00 00 00 00 00
3010: 00 00 00 00 00 00 00 00
3018: 00 00 00 00 00 00 00 00
3020: 00 00 00 00 00 00 00 00
3028: 00 00 00 00 00 00 00 00
3030: 00 00 00 00 00 00 00 00
3038: 00 00 00 00 00 00 00 00
3040: 00 00 00 00 00 00 00 00
3048: 00 00 00 00 00 00 00 00
3050: 00 00 00 00 00 00 00 00
3058: 00 00 00 00 00 00 00 00
3060: 00 00 00 00 00 00 00 00
3068: 00 00 00 00 00 00 00 00
3070: 00 00 00 00 00 00 00 00
3078: 00 00 00 00 00 00 00 00
3080: 00 00 00 00 00 00 00 00
3088: 00 00 00 00 00 00 00 00
3090: 00 00 00 00 00 00 00 00
3098: 00 00 00 00 00 00 00 00
30A0: 00 00 00 00 00 00 00 00
30A8: 00 00 00 00 00 00 00 00
30B0: 00 00 00 00 00 00 00 00
30B8: 00 00 00 00 00 00 00 00
30C0: 00 00 00 00 00 00 00 00
30C8: 00 00 00 00 00 00 00 00
30D0: 00 00 00 00 00 00 00 00
30D8: 00 00 00 00 00 00 00 00
30E0: 00 00 00 00 00 00 00 00
30E8: 00 00 00 00 00 00 00 00
30F0: 00 00 00 00 00 00 00 00
30F8: 00 00 00 00 00 00 00 00
3100: 00 00 00 00 00 00 00 00
3108: 00 00 00 00 00 00 00 00
3110: 00 00 00 00 00 00 00 00
3118: 00 00 00 00 00 00 00 00
3120: 00 00 00 00 00 00 00 00
3128: 00 00 00 00 00 00 00 00
3130: 00 00 00 00 00 00 00 00
3138: 00 00 00 00 00 00 00 00
3140: 00 00 00 00 00 00 00 00
3148: 00 00 00 00 00 00 00 00
3150: 00 00 00 00 00 00 00 00
3158: 00 00 00 00 00 00 00 00
3160: 00 00 00 00 00 00 00 00
3168: 00 00 00 00 00 00 00 00
3170: 00 00 00 00 00 00 00 00
3178: 00 00 00 00 00 00 00 00
3180: 00 00 00 00 00 00 00 00
3188: 00 00 00 00 00 00 00 00
3190: 00 00 00 00 00 00 00 00
3198: 00 00 00 00 00 00 00 00
31A0: 00 00 00 00 00 00 00 00
31A8: 00 00 00 00 00 00 00 00
31B0: 00 00 00 00 00 00 00 00
31B8: 00 00 00 00 00 00 00 00
31C0: 00 00 00 00 00 00 00 00
31C8: 00 00 00 00 00 00 00 00
31D0: 00 00 00 00 00 00 00 00
31D8: 00 00 00 00 00 00 00 00
31E0: 00 00 00 00 00 00 00 00
31E8: 00 00 00 00 00 00 00 00
31F0: 00 00 00 00 00 00 00 00
31F8: 00 00 00 00 00 00 00 00
3200: 00 00 00 00 00 00 00 00
3208: 00 00 00 00 00 00 00 00
3210: 00 00 00 00 00 00 00 00
3218: 00 00 00 00 00 00 00 00
3220: 00 00 00 00 00 00 00 00
3228: 00 00 00 00 00 00 00 00
3230: 00 00 00 00 00 00 00 00
3238: 00 00 00 00 00 00 00 00
3240: 00 00 00 00 00 00 00 00
3248: 00 00 00 00 00 00 00 00
3250: 00 00 00 00 00 00 00 00
3258: 00 00 00 00 00 00 00 00
3260: 00 00 00 00 00 00 00 00
3268: 00 00 00 00 00 00 00 00
3270: 00 00 00 00 00 00 00 00
3278: 00 00 00 00 00 00 00 00
3280: 00 00 00 00 00 00 00 00
3288: 00 00 00 00 00 00 00 00
3290: 00 00 00 00 00 00 00 00
3298: 00 00 00 00 00 00 00 00
32A0: 00 00 00 00 00 00 00 00
32A8: 00 00 00 00 00 00 00 00
32B0: 00 00 00 00 00 00 00 00
32B8: 00 00 00 00 00 00 00 00
32C0: 00 00 00 00 00 00 00 00
32C8: 00 00 00 00 00 00 00 00
32D0: 00 00 00 00 00 00 00 00
32D8: 00 00 00 00 00 00 00 00
32E0: 00 00 00 00 00 00 00 00
32E8: 00 00 00 00 00 00 00 00
32F0: 00 00 00 00 00 00 00 00
32F8: 00 00 00 00 00 00 00 00
3300: 00 00 00 00 00 00 00 00
3308: 00 00 00 00 00 00 00 00
3310: 00 00 00 00 00 00 00 00
3318: 00 00 00 00 00 00 00 00
3320: 00 00 00 00 00 00 00 00
3328: 00 00 00 00 00 00 00 00
3330: 00 00 00 00 00 00 00 00
3338: 00 00 00 00 00 00 00 00
3340: 00 00 00 00 00 00 00 00
3348: 00 00 00 00 00 00 00 00
3350: 00 00 00 00 00 00 00 00
3358: 00 00 00 00 00 00 00 00
3360: 00 00 00 00 00 00 00 00
3368: 00 00 00 00 00 00 00 00
3370: 00 00 00 00 00 00 00 00
3378: 00 00 00 00 00 00 00 00
3380: 00 00 00 00 00 00 00 00
3388: 00 00 00 00 00 00 00 00
3390: 00 00 00 00 00 00 00 00
3398: 00 00 00 00 00 00 00 00
33A0: 00 00 00 00 00 00 00 00
33A8: 00 00 00 00 00 00 00 00
33B0: 00 00 00 00 00 00 00 00
33B8: 00 00 00 00 00 00 00 00
33C0: 00 00 00 00 00 00 00 00
33C8: 00 00 00 00 00 00 00 00
33D0: 00 00 00 00 00 00 00 00
33D8: 00 00 00 00 00 00 00 00
33E0: 00 00 00 00 00 00 00 00
33E8: 00 00 00 00 00 00 00 00
33F0: 00 00 00 00 00 00 00 00
33F8: 00 00 00 00 00 00 00 00
3400: 00 00 00 00 00 00 00 00
3408: 00 00 00 00 00 00 00 00
3410: 00 00 00 00 00 00 00 00
3418: 00 00 00 00 00 00 00 00
3420: 00 00 00 00 00 00 00 00
3428: 00 00 00 00 00 00 00 00
3430: 00 00 00 00 00 00 00 00
3438: 00 00 00 00 00 00 00 00
3440: 00 00 00 00 00 00 00 00
3448: 00 00 00 00 00 00 00 00
3450: 00 00 00 00 00 00 00 00
3458: 00 00 00 00 00 00 00 00
3460: 00 00 00 00 00 00 00 00
3468: 00 00 00 00 00 00 00 00
3470: 00 00 00 00 00 00 00 00
3478: 00 00 00 00 00 00 00 00
3480: 00 00 00 00 00 00 00 00
3488: 00 00 00 00 00 00 00 00
3490: 00 00 00 00 00 00 00 00
3498: 00 00 00 00 00 00 00 00
34A0: 00 00 00 00 00 00 00 00
34A8: 00 00 00 00 00 00 00 00
34B0: 00 00 00 00 00 00 00 00
34B8: 00 00 00 00 00 00 00 00
34C0: 00 00 00 00 00 00 00 00
34C8: 00 00 00 00 00 00 00 00
34D0: 00 00 00 00 00 00 00 00
34D8: 00 00 00 00 00 00 00 00
34E0: 00 00 00 00 00 00 00 00
34E8: 00 00 00 00 00 00 00 00
34F0: 00 00 00 00 00 00 00 00
34F8: 00 00 00 00 00 00 00 00
3500: 00 00 00 00 00 00 00 00
3508: 00 00 00 00 00 00 00 00
3510: 00 00 00 00 00 00 00 00
3518: 00 00 00 00 00 00 00 00
3520: 00 00 00 00 00 00 00 00
3528: 00 00 00 00 00 00 00 00
3530: 00 00 00 00 00 00 00 00
3538: 00 00 00 00 00 00 00 00
3540: 00 00 00 00 00 00 00 00
3548: 00 00 00 00 00 00 00 00
3550: 00 00 00 00 00 00 00 00
3558: 00 00 00 00 00 00 00 00
3560: 00 00 00 00 00 00 00 00
3568: 00 00 00 00 00 00 00 00
3570: 00 00 00 00 00 00 00 00
3578: 00 00 00 00 00 00 00 00
3580: 00 00 00 00 00 00 00 00
3588: 00 00 00 00 00 00 00 00
3590: 00 00 00 00 00 00 00 00
3598: 00 00 00 00 00 00 00 00
35A0: 00 00 00 00 00 1D 0A 00
35A8: 50 38 B2 1C 00 72 03 61
35B0: 28 C1 CD C1 DA C9 CE C7
35B8: A0 D0 D2 CF C7 D2 C1 CD
35C0: 29 01 38 14 00 50 38 B1
35C8: 0F 00 72 03 61 28 C3 D2
35D0: C5 C1 D4 C9 D6 C5 A0 C3
35D8: CF CD D0 D5 D4 C9 CE C7
35E0: A0 A0 CD CF D2 D2 C9 D3
35E8: D4 CF D7 CE AC A0 CE C5
35F0: D7 A0 CA C5 D2 D3 C5 D9
35F8: 29 01 2A 19 00 5D A0 D0
3600: CF D2 D4 C5 C4 A0 D4 CF
3608: A0 D2 C5 D0 CC C9 C3 C1
3610: AF B1 A0 C2 D9 A0 C3 C1
3618: D2 CC A0 C3 CC C1 D5 CE
3620: C3 C8 A0 01 0B 1E 00 63
3628: 03 63 03 63 03 63 01 29
3630: 64 00 53 28 D7 C8 C1 D4
3638: A0 C1 D2 C5 A0 D9 CF D5
3640: D2 A0 D7 C9 C4 D4 C8 A0
3648: C1 CE C4 A0 CC C5 CE C7
3650: D4 C8 29 27 C8 27 D6 01
3658: 14 66 00 60 C8 17 B1 01
3660: 00 1D D6 17 B1 01 00 24
3668: B1 6E 00 01 2E 68 00 61
3670: 28 CD C5 C1 CE C9 CE C7
3678: CC C5 D3 D3 A0 C4 C9 CD
3680: C5 CE D3 C9 CF CE D3 AE
3688: A0 D4 D2 D9 A0 C1 C7 C1
3690: C9 CE AE 29 03 5F B1 64
3698: 00 01 12 6E 00 4F D7 34
36A0: C8 14 D6 72 44 D5 34 C8
36A8: 14 D6 72 01 23 73 00 55
36B0: C9 56 B1 01 00 57 C8 14
36B8: D6 03 D7 2D C9 72 71 B0
36C0: 00 00 03 D5 2D C9 72 71
36C8: B0 00 00 03 59 C9 01 05
36D0: 78 00 63 01 05 82 00 63
36D8: 01 05 8C 00 63 01 05 96
36E0: 00 63 01 1A A0 00 D1 71
36E8: B0 00 00 03 DA 71 B0 00
36F0: 00 03 D8 71 2F 3F C8 72
36F8: 12 B1 01 00 01 0C A5 00
3700: 55 C9 56 B1 01 00 57 C8
3708: 01 0C AA 00 60 C9 16 D8
3710: 24 B1 AD 00 01 10 AB 00
3718: 61 28 AE AD AD 29 47 03
3720: 5F B1 B4 00 01 0B AD 00
3728: 61 28 AE A0 A0 29 47 01
3730: 06 B4 00 59 C9 01 08 BE
3738: 00 61 28 AE 29 01 24 C3
3740: 00 C3 71 B1 01 00 03 D7
3748: 2D 38 D8 13 B1 01 00 72
3750: 14 D6 12 B1 01 00 72 71
3758: C3 03 C3 71 C3 12 B1 01
3760: 00 01 12 C8 00 D2 71 D8
3768: 03 D3 71 B1 01 00 03 5F
3770: B2 04 01 01 0C D2 00 60
3778: D2 17 C8 24 B2 F0 00 01
3780: 0C D7 00 60 D3 17 D6 24
3788: B2 E6 00 01 14 DC 00 D2
3790: 71 B1 01 00 03 D3 71 B1
3798: 01 00 03 5F B2 FA 00 01
37A0: 16 E6 00 D2 71 B1 01 00
37A8: 03 D3 71 D3 12 B1 01 00
37B0: 03 5F B2 FA 00 01 0B F0
37B8: 00 D2 71 D2 12 B1 01 00
37C0: 01 1B FA 00 60 D7 2D 38
37C8: D2 13 B1 01 00 72 14 D6
37D0: 12 D3 72 16 B0 00 00 24
37D8: B2 D2 00 01 12 04 01 60
37E0: D2 13 B1 01 00 16 B0 00
37E8: 00 24 B5 12 02 01 1B 09
37F0: 01 60 D7 2D 38 D2 13 B2
37F8: 02 00 72 14 D6 12 D3 72
3800: 17 B0 00 00 24 B5 12 02
3808: 01 12 0E 01 60 D3 13 B1
3810: 01 00 16 B0 00 00 24 B3
3818: 86 01 01 1F 18 01 60 D7
3820: 2D 38 D2 13 B1 01 00 72
3828: 14 D6 12 D3 13 B1 01 00
3830: 72 17 B0 00 00 24 B3 86
3838: 01 01 0C 22 01 60 D2 16
3840: C8 24 B3 4A 01 01 15 2C
3848: 01 60 D7 2D D2 14 D6 12
3850: D3 72 17 B0 00 00 24 B3
3858: 4A 01 01 10 36 01 D8 71
3860: 2F 3F B3 03 00 72 12 B1
3868: 01 00 01 0A 40 01 5F B3
3870: 40 01 12 D8 01 08 41 01
3878: 5F B7 16 03 01 08 42 01
3880: 5F B8 34 03 01 08 43 01
3888: 5F B8 5C 03 01 0C 4A 01
3890: 60 D3 17 D6 24 B3 54 01
3898: 01 0E 4E 01 60 DA 16 B1
38A0: 01 00 24 B3 72 01 01 0E
38A8: 52 01 D1 71 B1 01 00 03
38B0: 5F B3 5E 01 01 1F 54 01
38B8: 60 D7 2D 38 D2 13 B1 01
38C0: 00 72 14 D6 12 D3 12 B1
38C8: 01 00 72 17 B0 00 00 24
38D0: B3 72 01 01 10 5E 01 D8
38D8: 71 2F 3F B3 03 00 72 12
38E0: B1 01 00 01 0A 68 01 5F
38E8: B3 68 01 12 D8 01 08 69
38F0: 01 5F B7 16 03 01 08 6A
38F8: 01 5F B8 34 03 01 08 6B
3900: 01 5F B9 8E 03 01 10 72
3908: 01 D8 71 2F 3F B2 02 00
3910: 72 12 B1 01 00 01 0A 7C
3918: 01 5F B3 7C 01 12 D8 01
3920: 08 7D 01 5F B7 16 03 01
3928: 08 7E 01 5F B8 34 03 01
3930: 0C 86 01 60 D2 16 C8 24
3938: B4 D6 01 01 15 90 01 60
3940: D7 2D D2 14 D6 12 D3 72
3948: 17 B0 00 00 24 B4 D6 01
3950: 01 0C 95 01 60 D3 17 D6
3958: 24 B4 A4 01 01 0E 9A 01
3960: 60 DA 16 B1 01 00 24 B4
3968: C2 01 01 0E 9F 01 D1 71
3970: B1 01 00 03 5F B4 AE 01
3978: 01 1F A4 01 60 D7 2D 38
3980: D2 13 B1 01 00 72 14 D6
3988: 12 D3 12 B1 01 00 72 17
3990: B0 00 00 24 B4 C2 01 01
3998: 10 AE 01 D8 71 2F 3F B3
39A0: 03 00 72 12 B1 01 00 01
39A8: 0A B8 01 5F B4 B8 01 12
39B0: D8 01 08 B9 01 5F B7 16
39B8: 03 01 08 BA 01 5F B8 5C
39C0: 03 01 08 BB 01 5F B9 8E
39C8: 03 01 10 C2 01 D8 71 2F
39D0: 3F B2 02 00 72 12 B1 01
39D8: 00 01 0A CC 01 5F B4 CC
39E0: 01 12 D8 01 08 CD 01 5F
39E8: B7 16 03 01 08 CE 01 5F
39F0: B8 5C 03 01 0C D6 01 60
39F8: D3 17 D6 24 B4 EA 01 01
3A00: 0E E0 01 60 DA 16 B1 01
3A08: 00 24 B5 08 02 01 0E E5
3A10: 01 D1 71 B1 01 00 03 5F
3A18: B5 F4 01 01 1F EA 01 60
3A20: D7 2D 38 D2 13 B1 01 00
3A28: 72 14 D6 12 D3 12 B1 01
3A30: 00 72 17 B0 00 00 24 B5
3A38: 08 02 01 10 F4 01 D8 71
3A40: 2F 3F B2 02 00 72 12 B1
3A48: 01 00 01 0A FE 01 5F B5
3A50: FE 01 12 D8 01 08 FF 01
3A58: 5F B7 16 03 01 08 00 02
3A60: 5F B9 8E 03 01 08 08 02
3A68: 5F B7 16 03 01 12 12 02
3A70: 60 D3 13 B1 01 00 16 B0
3A78: 00 00 24 B6 9E 02 01 1F
3A80: 1C 02 60 D7 2D 38 D2 13
3A88: B1 01 00 72 14 D6 12 D3
3A90: 13 B1 01 00 72 17 B0 00
3A98: 00 24 B6 9E 02 01 0C 21
3AA0: 02 60 D2 16 C8 24 B6 62
3AA8: 02 01 15 23 02 60 D7 2D
3AB0: D2 14 D6 12 D3 72 17 B0
3AB8: 00 00 24 B6 62 02 01 0C
3AC0: 26 02 60 D3 17 D6 24 B5
3AC8: 30 02 01 0E 28 02 60 DA
3AD0: 16 B1 01 00 24 B5 4E 02
3AD8: 01 0E 2A 02 D1 71 B1 01
3AE0: 00 03 5F B5 3A 02 01 1F
3AE8: 30 02 60 D7 2D 38 D2 13
3AF0: B1 01 00 72 14 D6 12 D3
3AF8: 12 B1 01 00 72 17 B0 00
3B00: 00 24 B5 4E 02 01 10 3A
3B08: 02 D8 71 2F 3F B3 03 00
3B10: 72 12 B1 01 00 01 0A 44
3B18: 02 5F B5 44 02 12 D8 01
3B20: 08 45 02 5F B8 34 03 01
3B28: 08 46 02 5F B8 5C 03 01
3B30: 08 47 02 5F B9 8E 03 01
3B38: 10 4E 02 D8 71 2F 3F B2
3B40: 02 00 72 12 B1 01 00 01
3B48: 0A 58 02 5F B6 58 02 12
3B50: D8 01 08 59 02 5F B8 34
3B58: 03 01 08 5A 02 5F B8 5C
3B60: 03 01 0C 62 02 60 D3 17
3B68: D6 24 B6 76 02 01 0E 6C
3B70: 02 60 DA 16 B1 01 00 24
3B78: B6 94 02 01 0E 71 02 D1
3B80: 71 B1 01 00 03 5F B6 80
3B88: 02 01 1F 76 02 60 D7 2D
3B90: 38 D2 13 B1 01 00 72 14
3B98: D6 12 D3 12 B1 01 00 72
3BA0: 17 B0 00 00 24 B6 94 02
3BA8: 01 10 80 02 D8 71 2F 3F
3BB0: B2 02 00 72 12 B1 01 00
3BB8: 01 0A 8A 02 5F B6 8A 02
3BC0: 12 D8 01 08 8B 02 5F B8
3BC8: 34 03 01 08 8C 02 5F B9
3BD0: 8E 03 01 08 94 02 5F B8
3BD8: 34 03 01 0C 9E 02 60 D2
3BE0: 16 C8 24 B7 E4 02 01 15
3BE8: A8 02 60 D7 2D D2 14 D6
3BF0: 12 D3 72 17 B0 00 00 24
3BF8: B7 E4 02 01 0C AD 02 60
3C00: D3 17 D6 24 B7 BC 02 01
3C08: 0E B2 02 60 DA 16 B1 01
3C10: 00 24 B7 DA 02 01 0E B7
3C18: 02 D1 71 B1 01 00 03 5F
3C20: B8 3E 03 01 1F BC 02 60
3C28: D7 2D 38 D2 13 B1 01 00
3C30: 72 14 D6 12 D3 12 B1 01
3C38: 00 72 17 B0 00 00 24 B7
3C40: DA 02 01 10 C6 02 D8 71
3C48: 2F 3F B2 02 00 72 12 B1
3C50: 01 00 01 0A D0 02 5F B7
3C58: D0 02 12 D8 01 08 D1 02
3C60: 5F B8 5C 03 01 08 D2 02
3C68: 5F B9 8E 03 01 08 DA 02
3C70: 5F B8 5C 03 01 0C E4 02
3C78: 60 D3 17 D6 24 B7 F8 02
3C80: 01 0E EE 02 60 DA 16 B1
3C88: 01 00 24 B7 0C 03 01 0E
3C90: F3 02 D1 71 B1 01 00 03
3C98: 5F B7 02 03 01 1F F8 02
3CA0: 60 D7 2D 38 D2 13 B1 01
3CA8: 00 72 14 D6 12 D3 12 B1
3CB0: 01 00 72 17 B0 00 00 24
3CB8: B7 0C 03 01 08 02 03 5F
3CC0: B9 8E 03 01 08 0C 03 5F
3CC8: B1 E8 03 01 14 16 03 D7
3CD0: 2D 38 D2 13 B2 02 00 72
3CD8: 14 D6 12 D3 72 71 C3 01
3CE0: 26 20 03 C3 71 C3 12 B1
3CE8: 01 00 03 D5 2D 38 D2 13
3CF0: B2 02 00 72 14 D6 12 D3
3CF8: 72 71 B2 02 00 03 D2 71
3D00: D2 13 B1 01 00 01 12 2A
3D08: 03 60 C3 16 C8 14 D6 12
3D10: B1 01 00 24 B1 F2 03 01
3D18: 0E 2F 03 D1 71 B0 00 00
3D20: 03 5F B2 04 01 01 18 34
3D28: 03 D7 2D 38 D2 13 B1 01
3D30: 00 72 14 D6 12 D3 13 B1
3D38: 01 00 72 71 C3 01 0B 3E
3D40: 03 C3 71 C3 12 B1 01 00
3D48: 01 31 48 03 D5 2D 38 D2
3D50: 13 B1 01 00 72 14 D6 12
3D58: D3 13 B1 01 00 72 71 B1
3D60: 01 00 03 D3 71 D3 13 B1
3D68: 01 00 03 60 C3 16 C8 14
3D70: D6 12 B1 01 00 24 B1 F2
3D78: 03 01 0E 52 03 D1 71 B0
3D80: 00 00 03 5F B2 04 01 01
3D88: 0E 5C 03 D7 2D D2 14 D6
3D90: 12 D3 72 71 C3 01 23 66
3D98: 03 C3 71 C3 12 B1 01 00
3DA0: 03 60 D5 2D 38 D2 13 B1
3DA8: 01 00 72 14 D6 12 D3 72
3DB0: 16 B0 00 00 24 B8 70 03
3DB8: 01 1B 6B 03 D5 2D 38 D2
3DC0: 13 B1 01 00 72 14 D6 12
3DC8: D3 72 71 B3 03 00 03 5F
3DD0: B8 7A 03 01 16 70 03 D5
3DD8: 2D 38 D2 13 B1 01 00 72
3DE0: 14 D6 12 D3 72 71 B2 02
3DE8: 00 01 0B 7A 03 D2 71 D2
3DF0: 12 B1 01 00 01 12 84 03
3DF8: 60 C3 16 C8 14 D6 12 B1
3E00: 01 00 24 B1 F2 03 01 08
3E08: 89 03 5F B5 12 02 01 0E
3E10: 8E 03 60 D1 16 B1 01 00
3E18: 24 B9 C0 03 01 38 98 03
3E20: D7 2D 38 D2 13 B1 01 00
3E28: 72 14 D6 12 D3 12 B1 01
3E30: 00 72 71 C3 03 C3 71 C3
3E38: 12 B1 01 00 03 60 D5 2D
3E40: 38 D2 13 B1 01 00 72 14
3E48: D6 12 D3 72 16 B0 00 00
3E50: 24 B9 AC 03 01 1B A2 03
3E58: D5 2D 38 D2 13 B1 01 00
3E60: 72 14 D6 12 D3 72 71 B3
3E68: 03 00 03 5F B9 B6 03 01
3E70: 16 AC 03 D5 2D 38 D2 13
3E78: B1 01 00 72 14 D6 12 D3
3E80: 72 71 B1 01 00 01 1A B6
3E88: 03 D3 71 D3 12 B1 01 00
3E90: 03 60 C3 16 C8 14 D6 12
3E98: B1 01 00 24 B1 F2 03 01
3EA0: 08 BB 03 5F B2 04 01 01
3EA8: 09 C0 03 DA 71 B1 01 00
3EB0: 01 1B CA 03 60 D5 2D 38
3EB8: D2 13 B1 01 00 72 14 D6
3EC0: 12 D3 72 16 B0 00 00 24
3EC8: B9 D4 03 01 21 CF 03 D5
3ED0: 2D 38 D2 13 B1 01 00 72
3ED8: 14 D6 12 D3 72 71 B3 03
3EE0: 00 03 D1 71 B0 00 00 03
3EE8: 5F B1 E8 03 01 2D D4 03
3EF0: D5 2D 38 D2 13 B1 01 00
3EF8: 72 14 D6 12 D3 72 71 B1
3F00: 01 00 03 D1 71 B0 00 00
3F08: 03 D3 71 B1 01 00 03 D2
3F10: 71 B1 01 00 03 5F B2 FA
3F18: 00 01 08 E8 03 5F B2 D2
3F20: 00 01 0C F2 03 55 CA 56
3F28: B1 01 00 57 D6 01 09 F3
3F30: 03 61 28 C9 29 47 01 0C
3F38: F4 03 55 C9 56 B1 01 00
3F40: 57 C8 01 1B F5 03 60 D5
3F48: 2D 38 C9 13 B1 01 00 72
3F50: 14 D6 12 CA 72 1C B2 02
3F58: 00 24 B1 06 04 01 0B FC
3F60: 03 61 28 A0 A0 A0 29 47
3F68: 01 08 FD 03 5F B1 10 04
3F70: 01 0B 06 04 61 28 A0 A0
3F78: C9 29 47 01 06 10 04 59
3F80: C9 01 05 11 04 63 01 0C
3F88: 13 04 55 C9 56 B1 01 00
3F90: 57 C8 01 1B 15 04 60 D5
3F98: 2D 38 C9 13 B1 01 00 72
3FA0: 14 D6 12 CA 72 16 B0 00
3FA8: 00 24 B1 24 04 01 1B 1A
3FB0: 04 60 D5 2D 38 C9 13 B1
3FB8: 01 00 72 14 D6 12 CA 72
3FC0: 16 B2 02 00 24 B1 24 04
3FC8: 01 0B 1B 04 61 28 BA A0
3FD0: A0 29 47 01 08 1C 04 5F
3FD8: B1 2E 04 01 0B 24 04 61
3FE0: 28 BA AD AD 29 47 01 06
3FE8: 2E 04 59 C9 01 08 2F 04
3FF0: 61 28 AE 29 01 06 30 04
3FF8: 59 CA 01 05 31 04 51 01
