004A:       00 08 00 10 00 00
0050: 00 00 00 00 00 00 00 00
0058: 00 00 00 00 00 00 00 00
0060: 00 00 00 00 00 00 00 00
0068: 00 00 00 00 00 80 AF 00
0070: ED ED EC ED EC ED ED ED
0078: 00 00 00 00 00 00 00 00
0080: 00 00 00 00 00 00 00 00
0088: 00 00 00 00 00 00 00 00
0090: 00 00 00 00 00 00 00 00
0098: 59 9C 66 7D 68 80 E4 FF
00A0: 00 00 00 00 00 00 00 00
00A8: 00 00 00 00 00 00 00 00
00B0: 00 00 00 00 00 00 00 00
00B8: 00 00 00 00 00 FF FF 03
00C0: 1B 1F 17 FF FF 02 02 FF
00C8: 03 B8 01 0F 06 08 00 03
00D0: 00 08 06 08 00 00 01 00
00D8: 00 FF AF FF D5 0F 00 00
00E0: DC 0F 00 10 BF 0F D5 0F
00E8: 31 2E 31 2C 03 03 04 04
00F0: 03 05 00 00 00 00 00 00
00F8: 00 B3 00 00 01 20 00 ED
0800: 96 00 06 08 53 00 00 00
0808: 00 00 00 00 00 00 00 00
0810: 00 00 00 00 00 00 00 00
0818: 00 00 00 00 00 00 00 00
0820: 00 00 00 00 00 00 00 00
0828: 00 00 00 00 00 00 00 00
0830: 00 00 00 00 00 00 00 00
0838: 00 00 00 00 00 00 00 00
0840: 00 00 00 00 00 00 00 00
0848: 00 00 00 00 00 00 00 00
0850: 00 00 00 00 00 00 00 00
0858: 00 00 00 00 00 00 00 00
0860: 00 00 00 00 00 00 00 00
0868: 00 00 00 00 00 00 00 00
0870: 00 00 00 00 00 00 00 00
0878: 00 00 00 00 00 00 00 00
0880: 00 00 00 00 00 00 00 00
0888: 00 00 00 00 00 00 00 00
0890: 00 00 00 00 00 00 00 00
0898: 00 00 00 00 00 00 00 00
08A0: 00 00 00 00 00 00 00 00
08A8: 00 00 00 00 00 00 00 00
08B0: 00 00 00 00 00 00 00 00
08B8: 00 00 00 00 00 00 00 00
08C0: 00 00 00 00 00 00 00 00
08C8: 00 00 00 00 00 00 00 00
08D0: 00 00 00 00 00 00 00 00
08D8: 00 00 00 00 00 00 00 00
08E0: 00 00 00 00 00 00 00 00
08E8: 00 00 00 00 00 00 00 00
08F0: 00 00 00 00 00 00 00 00
08F8: 00 00 00 00 00 00 00 00
0900: 00 00 00 00 00 00 00 00
0908: 00 00 00 00 00 00 00 00
0910: 00 00 00 00 00 00 00 00
0918: 00 00 00 00 00 00 00 00
0920: 00 00 00 00 00 00 00 00
0928: 00 00 00 00 00 00 00 00
0930: 00 00 00 00 00 00 00 00
0938: 00 00 00 00 00 00 00 00
0940: 00 00 00 00 00 00 00 00
0948: 00 00 00 00 00 00 00 00
0950: 00 00 00 00 00 00 00 00
0958: 00 00 00 00 00 00 00 00
0960: 00 00 00 00 00 00 00 00
0968: 00 00 00 00 00 00 00 00
0970: 00 00 00 00 00 00 00 00
0978: 00 00 00 00 00 00 00 00
0980: 00 00 00 00 00 00 00 00
0988: 00 00 00 00 00 00 00 00
0990: 00 00 00 00 00 00 00 00
0998: 00 00 00 00 00 00 00 00
09A0: 00 00 00 00 00 00 00 00
09A8: 00 00 00 00 00 00 00 00
09B0: 00 00 00 00 00 00 00 00
09B8: 00 00 00 00 00 00 00 00
09C0: 00 00 00 00 00 00 00 00
09C8: 00 00 00 00 00 00 00 00
09D0: 00 00 00 00 00 00 00 00
09D8: 00 00 00 00 00 00 00 00
09E0: 00 00 00 00 00 00 00 00
09E8: 00 00 00 00 00 00 00 00
09F0: 00 00 00 00 00 00 00 00
09F8: 00 00 00 00 00 00 00 00
0A00: 00 00 00 00 00 00 00 00
0A08: 00 00 00 00 00 00 00 00
0A10: 00 00 00 00 00 00 00 00
0A18: 00 00 00 00 00 00 00 00
0A20: 00 00 00 00 00 00 00 00
0A28: 00 00 00 00 00 00 00 00
0A30: 00 00 00 00 00 00 00 00
0A38: 00 00 00 00 00 00 00 00
0A40: 00 00 00 00 00 00 00 00
0A48: 00 00 00 00 00 00 00 00
0A50: 00 00 00 00 00 00 00 00
0A58: 00 00 00 00 00 00 00 00
0A60: 00 00 00 00 00 00 00 00
0A68: 00 00 00 00 00 00 00 00
0A70: 00 00 00 00 00 00 00 00
0A78: 00 00 00 00 00 00 00 00
0A80: 00 00 00 00 00 00 00 00
0A88: 00 00 00 00 00 00 00 00
0A90: 00 00 00 00 00 00 00 00
0A98: 00 00 00 00 00 00 00 00
0AA0: 00 00 00 00 00 00 00 00
0AA8: 00 00 00 00 00 00 00 00
0AB0: 00 00 00 00 00 00 00 00
0AB8: 00 00 00 00 00 00 00 00
0AC0: 00 00 00 00 00 00 00 00
0AC8: 00 00 00 00 00 00 00 00
0AD0: 00 00 00 00 00 00 00 00
0AD8: 00 00 00 00 00 00 00 00
0AE0: 00 00 00 00 00 00 00 00
0AE8: 00 00 00 00 00 00 00 00
0AF0: 00 00 00 00 00 00 00 00
0AF8: 00 00 00 00 00 00 00 00
0B00: 00 00 00 00 00 00 00 00
0B08: 00 00 00 00 00 00 00 00
0B10: 00 00 00 00 00 00 00 00
0B18: 00 00 00 00 00 00 00 00
0B20: 00 00 00 00 00 00 00 00
0B28: 00 00 00 00 00 00 00 00
0B30: 00 00 00 00 00 00 00 00
0B38: 00 00 00 00 00 00 00 00
0B40: 00 00 00 00 00 00 00 00
0B48: 00 00 00 00 00 00 00 00
0B50: 00 00 00 00 00 00 00 00
0B58: 00 00 00 00 00 00 00 00
0B60: 00 00 00 00 00 00 00 00
0B68: 00 00 00 00 00 00 00 00
0B70: 00 00 00 00 00 00 00 00
0B78: 00 00 00 00 00 00 00 00
0B80: 00 00 00 00 00 00 00 00
0B88: 00 00 00 00 00 00 00 00
0B90: 00 00 00 00 00 00 00 00
0B98: 00 00 00 00 00 00 00 00
0BA0: 00 00 00 00 00 00 00 00
0BA8: 00 00 00 00 00 00 00 00
0BB0: 00 00 00 00 00 00 00 00
0BB8: 00 00 00 00 00 00 00 00
0BC0: 00 00 00 00 00 00 00 00
0BC8: 00 00 00 00 00 00 00 00
0BD0: 00 00 00 00 00 00 00 00
0BD8: 00 00 00 00 00 00 00 00
0BE0: 00 00 00 00 00 00 00 00
0BE8: 00 00 00 00 00 00 00 00
0BF0: 00 00 00 00 00 00 00 00
0BF8: 00 00 00 00 00 00 00 00
0C00: 00 00 00 00 00 00 00 00
0C08: 00 00 00 00 00 00 00 00
0C10: 00 00 00 00 00 00 00 00
0C18: 00 00 00 00 00 00 00 00
0C20: 00 00 00 00 00 00 00 00
0C28: 00 00 00 00 00 00 00 00
0C30: 00 00 00 00 00 00 00 00
0C38: 00 00 00 00 00 00 00 00
0C40: 00 00 00 00 00 00 00 00
0C48: 00 00 00 00 00 00 00 00
0C50: 00 00 00 00 00 00 00 00
0C58: 00 00 00 00 00 00 00 00
0C60: 00 00 00 00 00 00 00 00
0C68: 00 00 00 00 00 00 00 00
0C70: 00 00 00 00 00 00 00 00
0C78: 00 00 00 00 00 00 00 00
0C80: 00 00 00 00 00 00 00 00
0C88: 00 00 00 00 00 00 00 00
0C90: 00 00 00 00 00 00 00 00
0C98: 00 00 00 00 00 00 00 00
0CA0: 00 00 00 00 00 00 00 00
0CA8: 00 00 00 00 00 00 00 00
0CB0: 00 00 00 00 00 00 00 00
0CB8: 00 00 00 00 00 00 00 00
0CC0: 00 00 00 00 00 00 00 00
0CC8: 00 00 00 00 00 00 00 00
0CD0: 00 00 00 00 00 00 00 00
0CD8: 00 00 00 00 00 00 00 00
0CE0: 00 00 00 00 00 00 00 00
0CE8: 00 00 00 00 00 00 00 00
0CF0: 00 00 00 00 00 00 00 00
0CF8: 00 00 00 00 00 00 00 00
0D00: 00 00 00 00 00 00 00 00
0D08: 00 00 00 00 00 00 00 00
0D10: 00 00 00 00 00 00 00 00
0D18: 00 00 00 00 00 00 00 00
0D20: 00 00 00 00 00 00 00 00
0D28: 00 00 00 00 00 00 00 00
0D30: 00 00 00 00 00 00 00 00
0D38: 00 00 00 00 00 00 00 00
0D40: 00 00 00 00 00 00 00 00
0D48: 00 00 00 00 00 00 00 00
0D50: 00 00 00 00 00 00 00 00
0D58: 00 00 00 00 00 00 00 00
0D60: 00 00 00 00 00 00 00 00
0D68: 00 00 00 00 00 00 00 00
0D70: 00 00 00 00 00 00 00 00
0D78: 00 00 00 00 00 00 00 00
0D80: 00 00 00 00 00 00 00 00
0D88: 00 00 00 00 00 00 00 00
0D90: 00 00 00 00 00 00 00 00
0D98: 00 00 00 00 00 00 00 00
0DA0: 00 00 00 00 00 00 00 00
0DA8: 00 00 00 00 00 00 00 00
0DB0: 00 00 00 00 00 00 00 00
0DB8: 00 00 00 00 00 00 00 00
0DC0: 00 00 00 00 00 00 00 00
0DC8: 00 00 00 00 00 00 00 00
0DD0: 00 00 00 00 00 00 00 00
0DD8: 00 00 00 00 00 00 00 00
0DE0: 00 00 00 00 00 00 00 00
0DE8: 00 00 00 00 00 00 00 00
0DF0: 00 00 00 00 00 00 00 00
0DF8: 00 00 00 00 00 00 00 00
0E00: 00 00 00 00 00 00 00 00
0E08: 00 00 00 00 00 00 00 00
0E10: 00 00 00 00 00 00 00 00
0E18: 00 00 00 00 00 00 00 00
0E20: 00 00 00 00 00 00 00 00
0E28: 00 00 00 00 00 00 00 00
0E30: 00 00 00 00 00 00 00 00
0E38: 00 00 00 00 00 00 00 00
0E40: 00 00 00 00 00 00 00 00
0E48: 00 00 00 00 00 00 00 00
0E50: 00 00 00 00 00 00 00 00
0E58: 00 00 00 00 00 00 00 00
0E60: 00 00 00 00 00 00 00 00
0E68: 00 00 00 00 00 00 00 00
0E70: 00 00 00 00 00 00 00 00
0E78: 00 00 00 00 00 00 00 00
0E80: 00 00 00 00 00 00 00 00
0E88: 00 00 00 00 00 00 00 00
0E90: 00 00 00 00 00 00 00 00
0E98: 00 00 00 00 00 00 00 00
0EA0: 00 00 00 00 00 00 00 00
0EA8: 00 00 00 00 00 00 00 00
0EB0: 00 00 00 00 00 00 00 00
0EB8: 00 00 00 00 00 00 00 00
0EC0: 00 00 00 00 00 00 00 00
0EC8: 00 00 00 00 00 00 00 00
0ED0: 00 00 00 00 00 00 00 00
0ED8: 00 00 00 00 00 00 00 00
0EE0: 00 00 00 00 00 00 00 00
0EE8: 00 00 00 00 00 00 00 00
0EF0: 00 00 00 00 00 00 00 00
0EF8: 00 00 00 00 00 00 00 00
0F00: 00 08 0A 00 5C B1 E8 03
0F08: 01 08 14 00 5C B1 4C 04
0F10: 01 12 1E 00 61 28 C7 CF
0F18: D4 A0 CB C5 D9 BA A0 29
0F20: 46 CB 01 0E 28 00 60 CB
0F28: 1B B8 51 00 24 B2 14 00
0F30: 01 05 32 00 51 01 12 E8
0F38: 03 5D A0 C9 CE C9 D4 A0
0F40: CD CC A0 C3 CF C4 C5 01
0F48: 39 F2 03 64 B7 00 03 65
0F50: B1 AD 00 03 64 B7 01 03
0F58: 65 B1 11 00 03 64 B7 02
0F60: 03 65 B2 D0 00 03 64 B7
0F68: 03 03 65 B1 10 00 03 64
0F70: B7 04 03 65 B2 FB 00 03
0F78: 64 B7 05 03 65 B1 AD 00
0F80: 01 39 FC 03 64 B7 06 03
0F88: 65 B1 10 00 03 64 B7 07
0F90: 03 65 B2 D0 00 03 64 B7
0F98: 08 03 65 B1 8D 00 03 64
0FA0: B7 09 03 65 B1 0C 00 03
0FA8: 64 B7 0A 03 65 B3 03 00
0FB0: 03 64 B7 0B 03 65 B9 60
0FB8: 00 01 05 06 04 5B 01 16
0FC0: 4C 04 5D A0 C7 C5 D4 A0
0FC8: CB C5 D9 C2 CF C1 D2 C4
0FD0: A0 CB C5 D9 01 08 56 04
0FD8: 4D B7 00 03 01 0C 60 04
0FE0: CB 71 2E 3F B7 0C 03 72
0FE8: 01 12 6A 04 60 CB 19 B1
0FF0: 80 00 25 CB 71 CB 13 B1
0FF8: 80 00 01 05 74 04 5B 01
