004A:       00 08 00 10 28 26
0050: 00 00 00 00 00 00 00 00
0058: 00 00 00 00 00 00 00 00
0060: 00 00 00 00 00 00 00 00
0068: 00 00 00 00 41 49 06 E8
0070: ED ED ED ED EC ED ED ED
0078: 00 00 00 00 00 00 00 00
0080: 00 00 00 00 00 00 00 00
0088: 00 00 00 00 00 00 00 00
0090: 00 00 00 00 41 08 07 00
0098: 82 59 9C 7D 68 80 E4 FF
00A0: 00 00 00 00 00 00 00 00
00A8: 00 00 00 00 00 00 00 00
00B0: 00 00 00 00 00 00 00 00
00B8: 00 00 00 00 00 00 00 03
00C0: 0A 09 0A FF FF 02 02 FF
00C8: 03 B1 C2 0E 4B 08 E8 03
00D0: 45 08 4B 08 00 00 01 00
00D8: 20 7F 04 08 DF 0F 00 00
00E0: AD 0F 17 0F DF 0F FB 0F
00E8: 0A 10 0F 12 03 03 04 04
00F0: 03 05 00 00 00 00 00 00
00F8: 00 B0 00 00 01 20 00 ED
0800: 82 40 45 08 A1 C0 A3 A4
0808: A5 DE A6 AA A8 A9 AB BA
0810: BC BE BF AF AE AC A7 BB
0818: DD DB DC BD AD B1 B2 B3
0820: B4 B5 B6 B7 B8 B9 B0 C1
0828: C2 C3 C4 C5 C6 C7 C8 C9
0830: CA CB CC CD CE CF D0 D1
0838: D2 D3 D4 D5 D6 D7 D8 D9
0840: DA A0 A0 A0 1E 82 00 4B
0848: 08 07 00 88 00 51 08 00
0850: 00 00 00 00 00 00 00 00
0858: 00 00 00 00 00 00 00 00
0860: 00 00 00 00 00 00 00 00
0868: 00 00 00 00 00 00 00 00
0870: 00 00 00 00 00 00 00 00
0878: 00 00 00 00 00 00 00 00
0880: 00 00 00 00 00 00 00 00
0888: 00 00 00 00 00 00 00 00
0890: 00 00 00 00 00 00 00 00
0898: 00 00 00 00 00 00 00 00
08A0: 00 00 00 00 00 00 00 00
08A8: 00 00 00 00 00 00 00 00
08B0: 00 00 00 00 00 00 00 00
08B8: 00 00 00 00 00 00 00 00
08C0: 00 00 00 00 00 00 00 00
08C8: 00 00 00 00 00 00 00 00
08D0: 00 00 00 00 00 00 00 00
08D8: 00 00 00 00 00 00 00 00
08E0: 00 00 00 00 00 00 00 00
08E8: 00 00 00 00 00 00 00 00
08F0: 00 00 00 00 00 00 00 00
08F8: 00 00 00 00 00 00 00 00
0900: 00 00 00 00 00 00 00 00
0908: 00 00 00 00 00 00 00 00
0910: 00 00 00 00 00 00 00 00
0918: 00 00 00 00 00 00 00 00
0920: 00 00 00 00 00 00 00 00
0928: 00 00 00 00 00 00 00 00
0930: 00 00 00 00 00 00 00 00
0938: 00 00 00 00 00 00 00 00
0940: 00 00 00 00 00 00 00 00
0948: 00 00 00 00 00 00 00 00
0950: 00 00 00 00 00 00 00 00
0958: 00 00 00 00 00 00 00 00
0960: 00 00 00 00 00 00 00 00
0968: 00 00 00 00 00 00 00 00
0970: 00 00 00 00 00 00 00 00
0978: 00 00 00 00 00 00 00 00
0980: 00 00 00 00 00 00 00 00
0988: 00 00 00 00 00 00 00 00
0990: 00 00 00 00 00 00 00 00
0998: 00 00 00 00 00 00 00 00
09A0: 00 00 00 00 00 00 00 00
09A8: 00 00 00 00 00 00 00 00
09B0: 00 00 00 00 00 00 00 00
09B8: 00 00 00 00 00 00 00 00
09C0: 00 00 00 00 00 00 00 00
09C8: 00 00 00 00 00 00 00 00
09D0: 00 00 00 00 00 00 00 00
09D8: 00 00 00 00 00 00 00 00
09E0: 00 00 00 00 00 00 00 00
09E8: 00 00 00 00 00 00 00 00
09F0: 00 00 00 00 00 00 00 00
09F8: 00 00 00 00 00 00 00 00
0A00: 00 00 00 00 00 00 00 00
0A08: 00 00 00 00 00 00 00 00
0A10: 00 00 00 00 00 00 00 00
0A18: 00 00 00 00 00 00 00 00
0A20: 00 00 00 00 00 00 00 00
0A28: 00 00 00 00 00 00 00 00
0A30: 00 00 00 00 00 00 00 00
0A38: 00 00 00 00 00 00 00 00
0A40: 00 00 00 00 00 00 00 00
0A48: 00 00 00 00 00 00 00 00
0A50: 00 00 00 00 00 00 00 00
0A58: 00 00 00 00 00 00 00 00
0A60: 00 00 00 00 00 00 00 00
0A68: 00 00 00 00 00 00 00 00
0A70: 00 00 00 00 00 00 00 00
0A78: 00 00 00 00 00 00 00 00
0A80: 00 00 00 00 00 00 00 00
0A88: 00 00 00 00 00 00 00 00
0A90: 00 00 00 00 00 00 00 00
0A98: 00 00 00 00 00 00 00 00
0AA0: 00 00 00 00 00 00 00 00
0AA8: 00 00 00 00 00 00 00 00
0AB0: 00 00 00 00 00 00 00 00
0AB8: 00 00 00 00 00 00 00 00
0AC0: 00 00 00 00 00 00 00 00
0AC8: 00 00 00 00 00 00 00 00
0AD0: 00 00 00 00 00 00 00 00
0AD8: 00 00 00 00 00 00 00 00
0AE0: 00 00 00 00 00 00 00 00
0AE8: 00 00 00 00 00 00 00 00
0AF0: 00 00 00 00 00 00 00 00
0AF8: 00 00 00 00 00 00 00 00
0B00: 00 00 00 00 00 00 00 00
0B08: 00 00 00 00 00 00 00 00
0B10: 00 00 00 00 00 00 00 00
0B18: 00 00 00 00 00 00 00 00
0B20: 00 00 00 00 00 00 00 00
0B28: 00 00 00 00 00 00 00 00
0B30: 00 00 00 00 00 00 00 00
0B38: 00 00 00 00 00 00 00 00
0B40: 00 00 00 00 00 00 00 00
0B48: 00 00 00 00 00 00 00 00
0B50: 00 00 00 00 00 00 00 00
0B58: 00 00 00 00 00 00 00 00
0B60: 00 00 00 00 00 00 00 00
0B68: 00 00 00 00 00 00 00 00
0B70: 00 00 00 00 00 00 00 00
0B78: 00 00 00 00 00 00 00 00
0B80: 00 00 00 00 00 00 00 00
0B88: 00 00 00 00 00 00 00 00
0B90: 00 00 00 00 00 00 00 00
0B98: 00 00 00 00 00 00 00 00
0BA0: 00 00 00 00 00 00 00 00
0BA8: 00 00 00 00 00 00 00 00
0BB0: 00 00 00 00 00 00 00 00
0BB8: 00 00 00 00 00 00 00 00
0BC0: 00 00 00 00 00 00 00 00
0BC8: 00 00 00 00 00 00 00 00
0BD0: 00 00 00 00 00 00 00 00
0BD8: 00 00 00 00 00 00 00 00
0BE0: 00 00 00 00 00 00 00 00
0BE8: 00 00 00 00 00 00 00 00
0BF0: 00 00 00 00 00 00 00 00
0BF8: 00 00 00 00 00 00 00 00
0C00: 00 00 00 00 00 00 00 00
0C08: 00 00 00 00 00 00 00 00
0C10: 00 00 00 00 00 00 00 00
0C18: 00 00 00 00 00 00 00 00
0C20: 00 00 00 00 00 00 00 00
0C28: 00 00 00 00 00 00 00 00
0C30: 00 00 00 00 00 00 00 00
0C38: 00 00 00 00 00 00 00 00
0C40: 00 00 00 00 00 00 00 00
0C48: 00 00 00 00 00 00 00 00
0C50: 00 00 00 00 00 00 00 00
0C58: 00 00 00 00 00 00 00 00
0C60: 00 00 00 00 00 00 00 00
0C68: 00 00 00 00 00 00 00 00
0C70: 00 00 00 00 00 00 00 00
0C78: 00 00 00 00 00 00 00 00
0C80: 00 00 00 00 00 00 00 00
0C88: 00 00 00 00 00 00 00 00
0C90: 00 00 00 00 00 00 00 00
0C98: 00 00 00 00 00 00 00 00
0CA0: 00 00 00 00 00 00 00 00
0CA8: 00 00 00 00 00 00 00 00
0CB0: 00 00 00 00 00 00 00 00
0CB8: 00 00 00 00 00 00 00 00
0CC0: 00 00 00 00 00 00 00 00
0CC8: 00 00 00 00 00 00 00 00
0CD0: 00 00 00 00 00 00 00 00
0CD8: 00 00 00 00 00 00 00 00
0CE0: 00 00 00 00 00 00 00 00
0CE8: 00 00 00 00 00 00 00 00
0CF0: 00 00 00 00 00 00 00 00
0CF8: 00 00 00 00 00 00 00 00
0D00: 00 00 00 00 00 00 00 00
0D08: 00 00 00 00 00 00 00 00
0D10: 00 00 00 00 00 00 00 00
0D18: 00 00 00 00 00 00 00 00
0D20: 00 00 00 00 00 00 00 00
0D28: 00 00 00 00 00 00 00 00
0D30: 00 00 00 00 00 00 00 00
0D38: 00 00 00 00 00 00 00 00
0D40: 00 00 00 00 00 00 00 00
0D48: 00 00 00 00 00 00 00 00
0D50: 00 00 00 00 00 00 00 00
0D58: 00 00 00 00 00 00 00 00
0D60: 00 00 00 00 00 00 00 00
0D68: 00 00 00 00 00 00 00 00
0D70: 00 00 00 00 00 00 00 00
0D78: 00 00 00 00 00 00 00 00
0D80: 00 00 00 00 00 00 00 00
0D88: 00 00 00 00 00 00 00 00
0D90: 00 00 00 00 00 00 00 00
0D98: 00 00 00 00 00 00 00 00
0DA0: 00 00 00 00 00 00 00 00
0DA8: 00 00 00 00 00 00 00 00
0DB0: 00 00 00 00 00 00 00 00
0DB8: 00 00 00 00 00 00 00 00
0DC0: 00 00 00 00 00 00 00 00
0DC8: 00 00 00 00 00 00 00 00
0DD0: 00 00 00 00 00 00 00 00
0DD8: 00 00 00 00 00 00 00 00
0DE0: 00 00 00 00 00 00 00 00
0DE8: 00 00 00 00 00 00 00 00
0DF0: 00 00 00 00 00 00 00 00
0DF8: 00 00 00 00 00 00 00 00
0E00: 00 00 00 00 00 00 00 00
0E08: 00 00 00 00 00 00 00 00
0E10: 00 00 00 00 00 00 00 00
0E18: 00 00 00 00 00 00 00 00
0E20: 00 00 00 00 00 00 00 00
0E28: 00 00 00 00 00 00 00 00
0E30: 00 00 00 00 00 00 00 00
0E38: 00 00 00 00 00 00 00 00
0E40: 00 00 00 00 00 00 00 00
0E48: 00 00 00 00 00 00 00 00
0E50: 00 00 00 00 00 00 00 00
0E58: 00 00 00 00 00 00 00 00
0E60: 00 00 00 00 00 00 00 00
0E68: 00 00 00 00 00 00 00 00
0E70: 00 00 00 00 00 00 00 00
0E78: 00 00 00 00 00 00 00 00
0E80: 00 00 00 00 00 00 00 00
0E88: 00 00 00 00 00 00 00 00
0E90: 00 00 00 00 00 00 00 00
0E98: 00 00 00 00 00 00 00 00
0EA0: 00 00 00 00 00 00 00 00
0EA8: 00 00 00 00 00 00 00 00
0EB0: 00 00 00 00 00 00 00 00
0EB8: 00 00 00 00 00 00 00 00
0EC0: 00 0C 0C 0A 00 4E C1 40
0EC8: 22 B6 40 00 72 01 49 14
0ED0: 00 C1 40 70 28 A1 C0 A3
0ED8: A4 A5 DE A6 AA A8 A9 AB
0EE0: BA BC BE BF AF AE AC A7
0EE8: BB DD DB DC BD AD B1 B2
0EF0: B3 B4 B5 B6 B7 B8 B9 B0
0EF8: C1 C2 C3 C4 C5 C6 C7 C8
0F00: C9 CA CB CC CD CE CF D0
0F08: D1 D2 D3 D4 D5 D6 D7 D8
0F10: D9 DA A0 A0 A0 29 01 08
0F18: 1E 00 5C B1 E8 03 01 0D
0F20: 28 00 50 B3 03 00 03 5C
0F28: B1 E8 03 01 0D 32 00 50
0F30: B5 05 00 03 5C B1 E8 03
0F38: 01 0D 3C 00 50 B7 07 00
0F40: 03 5C B1 E8 03 01 0D 46
0F48: 00 50 B1 0A 00 03 5C B1
0F50: E8 03 01 0D 50 00 50 B1
0F58: 0D 00 03 5C B1 E8 03 01
0F60: 0D 5A 00 50 B1 0F 00 03
0F68: 5C B1 E8 03 01 0D 64 00
0F70: 50 B1 11 00 03 5C B1 E8
0F78: 03 01 0D 6E 00 50 B2 17
0F80: 00 03 5C B1 E8 03 01 0D
0F88: 78 00 50 B2 19 00 03 5C
0F90: B1 E8 03 01 0D 82 00 50
0F98: B2 1B 00 03 5C B1 E8 03
0FA0: 01 0D 8C 00 50 B3 1E 00
0FA8: 03 5C B1 E8 03 01 0D 96
0FB0: 00 50 B3 21 00 03 5C B1
0FB8: E8 03 01 0D A0 00 50 B3
0FC0: 23 00 03 5C B1 E8 03 01
0FC8: 0D AA 00 50 B3 26 00 03
0FD0: 5C B1 E8 03 01 0A B4 00
0FD8: 63 03 5F B3 1E 00 01 1C
0FE0: E8 03 C1 71 2F 3F B6 40
0FE8: 00 72 12 B1 01 00 03 61
0FF0: C1 40 2A C1 23 C1 72 47
0FF8: 03 5B 01 05 F2 03 51 01
