004A:       00 08 00 10 00 00
0050: 00 00 00 00 00 00 00 00
0058: 00 00 00 00 00 00 00 00
0060: 00 00 00 00 00 00 00 00
0068: 00 00 00 00 00 00 ED ED
0070: ED ED ED ED EC EC ED ED
0078: 00 00 00 00 00 00 00 00
0080: 00 00 00 00 00 00 00 00
0088: 00 00 00 00 00 00 00 00
0090: 00 00 00 00 00 00 7D 82
0098: 59 7D 36 7D 68 7C F3 FF
00A0: 00 00 00 00 00 00 00 00
00A8: 00 00 00 00 00 00 00 00
00B0: 00 00 00 00 00 00 00 00
00B8: 00 00 00 00 00 00 20 12
00C0: 11 17 17 FF FF FF FF FF
00C8: 00 07 C6 0D 00 08 17 E8
00D0: 00 00 00 00 00 00 02 00
00D8: 00 00 00 00 00 00 00 00
00E0: 01 02 00 10 C6 0D FB 0F
00E8: 2B 2A 37 37 00 00 00 00
00F0: 00 01 4A 01 00 00 00 00
00F8: 00 00 00 00 00 20 00 ED
0800: 00 00 00 00 00 00 00 00
0808: 00 00 00 00 00 00 00 00
0810: 00 00 00 00 00 00 00 00
0818: 00 00 00 00 00 00 00 00
0820: 00 00 00 00 00 00 00 00
0828: 00 00 00 00 00 00 00 00
0830: 00 00 00 00 00 00 00 00
0838: 00 00 00 00 00 00 00 00
0840: 00 00 00 00 00 00 00 00
0848: 00 00 00 00 00 00 00 00
0850: 00 00 00 00 00 00 00 00
0858: 00 00 00 00 00 00 00 00
0860: 00 00 00 00 00 00 00 00
0868: 00 00 00 00 00 00 00 00
0870: 00 00 00 00 00 00 00 00
0878: 00 00 00 00 00 00 00 00
0880: 00 00 00 00 00 00 00 00
0888: 00 00 00 00 00 00 00 00
0890: 00 00 00 00 00 00 00 00
0898: 00 00 00 00 00 00 00 00
08A0: 00 00 00 00 00 00 00 00
08A8: 00 00 00 00 00 00 00 00
08B0: 00 00 00 00 00 00 00 00
08B8: 00 00 00 00 00 00 00 00
08C0: 00 00 00 00 00 00 00 00
08C8: 00 00 00 00 00 00 00 00
08D0: 00 00 00 00 00 00 00 00
08D8: 00 00 00 00 00 00 00 00
08E0: 00 00 00 00 00 00 00 00
08E8: 00 00 00 00 00 00 00 00
08F0: 00 00 00 00 00 00 00 00
08F8: 00 00 00 00 00 00 00 00
0900: 00 00 00 00 00 00 00 00
0908: 00 00 00 00 00 00 00 00
0910: 00 00 00 00 00 00 00 00
0918: 00 00 00 00 00 00 00 00
0920: 00 00 00 00 00 00 00 00
0928: 00 00 00 00 00 00 00 00
0930: 00 00 00 00 00 00 00 00
0938: 00 00 00 00 00 00 00 00
0940: 00 00 00 00 00 00 00 00
0948: 00 00 00 00 00 00 00 00
0950: 00 00 00 00 00 00 00 00
0958: 00 00 00 00 00 00 00 00
0960: 00 00 00 00 00 00 00 00
0968: 00 00 00 00 00 00 00 00
0970: 00 00 00 00 00 00 00 00
0978: 00 00 00 00 00 00 00 00
0980: 00 00 00 00 00 00 00 00
0988: 00 00 00 00 00 00 00 00
0990: 00 00 00 00 00 00 00 00
0998: 00 00 00 00 00 00 00 00
09A0: 00 00 00 00 00 00 00 00
09A8: 00 00 00 00 00 00 00 00
09B0: 00 00 00 00 00 00 00 00
09B8: 00 00 00 00 00 00 00 00
09C0: 00 00 00 00 00 00 00 00
09C8: 00 00 00 00 00 00 00 00
09D0: 00 00 00 00 00 00 00 00
09D8: 00 00 00 00 00 00 00 00
09E0: 00 00 00 00 00 00 00 00
09E8: 00 00 00 00 00 00 00 00
09F0: 00 00 00 00 00 00 00 00
09F8: 00 00 00 00 00 00 00 00
0A00: 00 00 00 00 00 00 00 00
0A08: 00 00 00 00 00 00 00 00
0A10: 00 00 00 00 00 00 00 00
0A18: 00 00 00 00 00 00 00 00
0A20: 00 00 00 00 00 00 00 00
0A28: 00 00 00 00 00 00 00 00
0A30: 00 00 00 00 00 00 00 00
0A38: 00 00 00 00 00 00 00 00
0A40: 00 00 00 00 00 00 00 00
0A48: 00 00 00 00 00 00 00 00
0A50: 00 00 00 00 00 00 00 00
0A58: 00 00 00 00 00 00 00 00
0A60: 00 00 00 00 00 00 00 00
0A68: 00 00 00 00 00 00 00 00
0A70: 00 00 00 00 00 00 00 00
0A78: 00 00 00 00 00 00 00 00
0A80: 00 00 00 00 00 00 00 00
0A88: 00 00 00 00 00 00 00 00
0A90: 00 00 00 00 00 00 00 00
0A98: 00 00 00 00 00 00 00 00
0AA0: 00 00 00 00 00 00 00 00
0AA8: 00 00 00 00 00 00 00 00
0AB0: 00 00 00 00 00 00 00 00
0AB8: 00 00 00 00 00 00 00 00
0AC0: 00 00 00 00 00 00 00 00
0AC8: 00 00 00 00 00 00 00 00
0AD0: 00 00 00 00 00 00 00 00
0AD8: 00 00 00 00 00 00 00 00
0AE0: 00 00 00 00 00 00 00 00
0AE8: 00 00 00 00 00 00 00 00
0AF0: 00 00 00 00 00 00 00 00
0AF8: 00 00 00 00 00 00 00 00
0B00: 00 00 00 00 00 00 00 00
0B08: 00 00 00 00 00 00 00 00
0B10: 00 00 00 00 00 00 00 00
0B18: 00 00 00 00 00 00 00 00
0B20: 00 00 00 00 00 00 00 00
0B28: 00 00 00 00 00 00 00 00
0B30: 00 00 00 00 00 00 00 00
0B38: 00 00 00 00 00 00 00 00
0B40: 00 00 00 00 00 00 00 00
0B48: 00 00 00 00 00 00 00 00
0B50: 00 00 00 00 00 00 00 00
0B58: 00 00 00 00 00 00 00 00
0B60: 00 00 00 00 00 00 00 00
0B68: 00 00 00 00 00 00 00 00
0B70: 00 00 00 00 00 00 00 00
0B78: 00 00 00 00 00 00 00 00
0B80: 00 00 00 00 00 00 00 00
0B88: 00 00 00 00 00 00 00 00
0B90: 00 00 00 00 00 00 00 00
0B98: 00 00 00 00 00 00 00 00
0BA0: 00 00 00 00 00 00 00 00
0BA8: 00 00 00 00 00 00 00 00
0BB0: 00 00 00 00 00 00 00 00
0BB8: 00 00 00 00 00 00 00 00
0BC0: 00 00 00 00 00 00 00 00
0BC8: 00 00 00 00 00 00 00 00
0BD0: 00 00 00 00 00 00 00 00
0BD8: 00 00 00 00 00 00 00 00
0BE0: 00 00 00 00 00 00 00 00
0BE8: 00 00 00 00 00 00 00 00
0BF0: 00 00 00 00 00 00 00 00
0BF8: 00 00 00 00 00 00 00 00
0C00: 00 00 00 00 00 00 00 00
0C08: 00 00 00 00 00 00 00 00
0C10: 00 00 00 00 00 00 00 00
0C18: 00 00 00 00 00 00 00 00
0C20: 00 00 00 00 00 00 00 00
0C28: 00 00 00 00 00 00 00 00
0C30: 00 00 00 00 00 00 00 00
0C38: 00 00 00 00 00 00 00 00
0C40: 00 00 00 00 00 00 00 00
0C48: 00 00 00 00 00 00 00 00
0C50: 00 00 00 00 00 00 00 00
0C58: 00 00 00 00 00 00 00 00
0C60: 00 00 00 00 00 00 00 00
0C68: 00 00 00 00 00 00 00 00
0C70: 00 00 00 00 00 00 00 00
0C78: 00 00 00 00 00 00 00 00
0C80: 00 00 00 00 00 00 00 00
0C88: 00 00 00 00 00 00 00 00
0C90: 00 00 00 00 00 00 00 00
0C98: 00 00 00 00 00 00 00 00
0CA0: 00 00 00 00 00 00 00 00
0CA8: 00 00 00 00 00 00 00 00
0CB0: 00 00 00 00 00 00 00 00
0CB8: 00 00 00 00 00 00 00 00
0CC0: 00 00 00 00 00 00 00 00
0CC8: 00 00 00 00 00 00 00 00
0CD0: 00 00 00 00 00 00 00 00
0CD8: 00 00 00 00 00 00 00 00
0CE0: 00 00 00 00 00 00 00 00
0CE8: 00 00 00 00 00 00 00 00
0CF0: 00 00 00 00 00 00 00 00
0CF8: 00 00 00 00 00 00 00 00
0D00: 00 00 00 00 00 00 00 00
0D08: 00 00 00 00 00 00 00 00
0D10: 00 00 00 00 00 00 00 00
0D18: 00 00 00 00 00 00 00 00
0D20: 00 00 00 00 00 00 00 00
0D28: 00 00 00 00 00 00 00 00
0D30: 00 00 00 00 00 00 00 00
0D38: 00 00 00 00 00 00 00 00
0D40: 00 00 00 00 00 00 00 00
0D48: 00 00 00 00 00 00 00 00
0D50: 00 00 00 00 00 00 00 00
0D58: 00 00 00 00 00 00 00 00
0D60: 00 00 00 00 00 00 00 00
0D68: 00 00 00 00 00 00 00 00
0D70: 00 00 00 00 00 00 00 00
0D78: 00 00 00 00 00 00 00 00
0D80: 00 00 00 00 00 00 00 00
0D88: 00 00 00 00 00 00 00 00
0D90: 00 00 00 00 00 00 00 00
0D98: 00 00 00 00 00 00 00 00
0DA0: 00 00 00 00 00 00 00 00
0DA8: 00 00 00 00 00 00 00 00
0DB0: 00 00 00 00 00 00 00 00
0DB8: 00 00 00 00 00 00 00 00
0DC0: 00 00 00 00 00 00 16 64
0DC8: 00 61 28 D2 A0 C5 A0 D6
0DD0: A0 C5 A0 D2 A0 D3 A0 C5
0DD8: 29 03 63 01 12 6E 00 4F
0DE0: C1 34 B9 09 00 72 44 C2
0DE8: 34 B9 09 00 72 01 09 73
0DF0: 00 D4 71 B0 00 00 01 1A
0DF8: 78 00 55 C9 56 B1 01 00
0E00: 57 B9 09 00 03 C1 2D C9
0E08: 72 71 B0 00 00 03 59 C9
0E10: 01 0E 82 00 55 C9 56 B1
0E18: 01 00 57 B9 09 00 01 10
0E20: 8C 00 CA 71 2F 3F B2 14
0E28: 00 72 12 B1 01 00 01 0E
0E30: 96 00 60 CA 19 B9 09 00
0E38: 24 B1 8C 00 01 11 A0 00
0E40: 60 C1 2D CA 72 17 B0 00
0E48: 00 24 B1 8C 00 01 0A AA
0E50: 00 C1 2D CA 72 71 C9 01
0E58: 06 B4 00 59 C9 01 2F BE
0E60: 00 61 28 A0 B1 A0 B2 A0
0E68: B3 A0 B4 A0 B5 A0 B6 A0
0E70: B7 A0 B8 A0 B9 29 03 61
0E78: 28 A0 AD AD AD AD AD AD
0E80: AD AD AD AD AD AD AD AD
0E88: AD AD AD 29 01 1E C0 00
0E90: 61 28 A9 29 03 61 28 AD
0E98: AD AD AD AD AD AD AD AD
0EA0: AD AD AD AD AD AD AD AD
0EA8: AD 29 01 05 C1 00 63 01
0EB0: 21 C8 00 53 28 C8 CF D7
0EB8: A0 CD C1 CE D9 A0 D3 C8
0EC0: C1 CC CC A0 C9 A0 D2 C5
0EC8: D6 C5 D2 D3 C5 29 27 CE
0ED0: 01 0E D2 00 60 CE 1A B9
0ED8: 09 00 24 B2 E6 00 01 33
0EE0: DC 00 61 28 CF CF D0 D3
0EE8: A1 A0 D4 CF CF A0 CD C1
0EF0: CE D9 AD A0 C9 A0 C3 C1
0EF8: CE A0 D2 C5 D6 C5 D2 D3
0F00: C5 A0 C1 D4 A0 CD CF D3
0F08: D4 A0 B9 29 03 5F B2 C8
0F10: 00 01 0E E6 00 60 CE 19
0F18: B1 01 00 24 B2 FA 00 01
0F20: 35 F0 00 61 28 CF CF D0
0F28: D3 A0 A1 A0 D4 CF CF A0
0F30: D3 CD C1 CC CC BB A0 D9
0F38: CF D5 A0 CD D5 D3 D4 A0
0F40: D2 C5 D6 C5 D2 D3 C5 A0
0F48: A0 D3 CF CD C5 D4 C8 C9
0F50: CE C7 A1 29 01 08 F1 00
0F58: 5F B2 C8 00 01 0B FA 00
0F60: D4 71 D4 12 B1 01 00 01
0F68: 1B 04 01 55 C9 56 B1 01
0F70: 00 57 B9 09 00 03 C2 2D
0F78: C9 72 71 C1 2D C9 72 03
0F80: 59 C9 01 23 0E 01 55 C9
0F88: 56 B1 01 00 57 CE 03 CA
0F90: 71 CE 12 B1 01 00 13 C9
0F98: 03 C1 2D CA 72 71 C2 2D
0FA0: C9 72 03 59 C9 01 09 18
0FA8: 01 C9 71 B0 00 00 01 0B
0FB0: 22 01 C9 71 C9 12 B1 01
0FB8: 00 01 16 2C 01 60 C1 2D
0FC0: C9 72 19 C1 2D C9 12 B1
0FC8: 01 00 72 24 B1 BE 00 01
0FD0: 0E 36 01 60 C9 1C B8 08
0FD8: 00 24 B2 22 01 01 1D 40
0FE0: 01 61 28 D9 CF D5 A0 D7
0FE8: CF CE A0 C9 CE A0 29 46
0FF0: D4 45 28 A0 CD CF D6 C5
0FF8: D3 29 01 05 4A 01 51 01
