004A:       00 08 00 10 00 00
0050: 00 00 00 00 00 00 00 00
0058: 00 00 00 00 00 00 00 00
0060: 00 00 00 00 00 00 00 00
0068: 00 00 00 00 00 00 ED ED
0070: ED ED ED ED EC EC ED ED
0078: 00 00 00 00 00 00 00 00
0080: 00 00 00 00 00 00 00 00
0088: 00 00 00 00 00 00 00 00
0090: 00 00 00 00 00 00 7D 82
0098: 59 9C 82 7D 68 7C F3 FF
00A0: 00 00 00 00 00 00 00 00
00A8: 00 00 00 00 00 00 00 00
00B0: 00 00 00 00 00 00 00 00
00B8: 00 00 00 00 00 00 20 0C
00C0: 0B 0C 0A FF FF FF FF FF
00C8: 00 0F 4A 0E 00 08 17 E8
00D0: 00 00 00 00 00 00 02 00
00D8: 00 00 00 00 00 00 00 00
00E0: 01 02 00 10 4A 0E F8 0F
00E8: 17 16 19 11 00 00 00 00
00F0: 00 01 1E 00 00 00 00 00
00F8: 00 00 00 00 00 20 00 ED
0800: 00 00 00 00 00 00 00 00
0808: 00 00 00 00 00 00 00 00
0810: 00 00 00 00 00 00 00 00
0818: 00 00 00 00 00 00 00 00
0820: 00 00 00 00 00 00 00 00
0828: 00 00 00 00 00 00 00 00
0830: 00 00 00 00 00 00 00 00
0838: 00 00 00 00 00 00 00 00
0840: 00 00 00 00 00 00 00 00
0848: 00 00 00 00 00 00 00 00
0850: 00 00 00 00 00 00 00 00
0858: 00 00 00 00 00 00 00 00
0860: 00 00 00 00 00 00 00 00
0868: 00 00 00 00 00 00 00 00
0870: 00 00 00 00 00 00 00 00
0878: 00 00 00 00 00 00 00 00
0880: 00 00 00 00 00 00 00 00
0888: 00 00 00 00 00 00 00 00
0890: 00 00 00 00 00 00 00 00
0898: 00 00 00 00 00 00 00 00
08A0: 00 00 00 00 00 00 00 00
08A8: 00 00 00 00 00 00 00 00
08B0: 00 00 00 00 00 00 00 00
08B8: 00 00 00 00 00 00 00 00
08C0: 00 00 00 00 00 00 00 00
08C8: 00 00 00 00 00 00 00 00
08D0: 00 00 00 00 00 00 00 00
08D8: 00 00 00 00 00 00 00 00
08E0: 00 00 00 00 00 00 00 00
08E8: 00 00 00 00 00 00 00 00
08F0: 00 00 00 00 00 00 00 00
08F8: 00 00 00 00 00 00 00 00
0900: 00 00 00 00 00 00 00 00
0908: 00 00 00 00 00 00 00 00
0910: 00 00 00 00 00 00 00 00
0918: 00 00 00 00 00 00 00 00
0920: 00 00 00 00 00 00 00 00
0928: 00 00 00 00 00 00 00 00
0930: 00 00 00 00 00 00 00 00
0938: 00 00 00 00 00 00 00 00
0940: 00 00 00 00 00 00 00 00
0948: 00 00 00 00 00 00 00 00
0950: 00 00 00 00 00 00 00 00
0958: 00 00 00 00 00 00 00 00
0960: 00 00 00 00 00 00 00 00
0968: 00 00 00 00 00 00 00 00
0970: 00 00 00 00 00 00 00 00
0978: 00 00 00 00 00 00 00 00
0980: 00 00 00 00 00 00 00 00
0988: 00 00 00 00 00 00 00 00
0990: 00 00 00 00 00 00 00 00
0998: 00 00 00 00 00 00 00 00
09A0: 00 00 00 00 00 00 00 00
09A8: 00 00 00 00 00 00 00 00
09B0: 00 00 00 00 00 00 00 00
09B8: 00 00 00 00 00 00 00 00
09C0: 00 00 00 00 00 00 00 00
09C8: 00 00 00 00 00 00 00 00
09D0: 00 00 00 00 00 00 00 00
09D8: 00 00 00 00 00 00 00 00
09E0: 00 00 00 00 00 00 00 00
09E8: 00 00 00 00 00 00 00 00
09F0: 00 00 00 00 00 00 00 00
09F8: 00 00 00 00 00 00 00 00
0A00: 00 00 00 00 00 00 00 00
0A08: 00 00 00 00 00 00 00 00
0A10: 00 00 00 00 00 00 00 00
0A18: 00 00 00 00 00 00 00 00
0A20: 00 00 00 00 00 00 00 00
0A28: 00 00 00 00 00 00 00 00
0A30: 00 00 00 00 00 00 00 00
0A38: 00 00 00 00 00 00 00 00
0A40: 00 00 00 00 00 00 00 00
0A48: 00 00 00 00 00 00 00 00
0A50: 00 00 00 00 00 00 00 00
0A58: 00 00 00 00 00 00 00 00
0A60: 00 00 00 00 00 00 00 00
0A68: 00 00 00 00 00 00 00 00
0A70: 00 00 00 00 00 00 00 00
0A78: 00 00 00 00 00 00 00 00
0A80: 00 00 00 00 00 00 00 00
0A88: 00 00 00 00 00 00 00 00
0A90: 00 00 00 00 00 00 00 00
0A98: 00 00 00 00 00 00 00 00
0AA0: 00 00 00 00 00 00 00 00
0AA8: 00 00 00 00 00 00 00 00
0AB0: 00 00 00 00 00 00 00 00
0AB8: 00 00 00 00 00 00 00 00
0AC0: 00 00 00 00 00 00 00 00
0AC8: 00 00 00 00 00 00 00 00
0AD0: 00 00 00 00 00 00 00 00
0AD8: 00 00 00 00 00 00 00 00
0AE0: 00 00 00 00 00 00 00 00
0AE8: 00 00 00 00 00 00 00 00
0AF0: 00 00 00 00 00 00 00 00
0AF8: 00 00 00 00 00 00 00 00
0B00: 00 00 00 00 00 00 00 00
0B08: 00 00 00 00 00 00 00 00
0B10: 00 00 00 00 00 00 00 00
0B18: 00 00 00 00 00 00 00 00
0B20: 00 00 00 00 00 00 00 00
0B28: 00 00 00 00 00 00 00 00
0B30: 00 00 00 00 00 00 00 00
0B38: 00 00 00 00 00 00 00 00
0B40: 00 00 00 00 00 00 00 00
0B48: 00 00 00 00 00 00 00 00
0B50: 00 00 00 00 00 00 00 00
0B58: 00 00 00 00 00 00 00 00
0B60: 00 00 00 00 00 00 00 00
0B68: 00 00 00 00 00 00 00 00
0B70: 00 00 00 00 00 00 00 00
0B78: 00 00 00 00 00 00 00 00
0B80: 00 00 00 00 00 00 00 00
0B88: 00 00 00 00 00 00 00 00
0B90: 00 00 00 00 00 00 00 00
0B98: 00 00 00 00 00 00 00 00
0BA0: 00 00 00 00 00 00 00 00
0BA8: 00 00 00 00 00 00 00 00
0BB0: 00 00 00 00 00 00 00 00
0BB8: 00 00 00 00 00 00 00 00
0BC0: 00 00 00 00 00 00 00 00
0BC8: 00 00 00 00 00 00 00 00
0BD0: 00 00 00 00 00 00 00 00
0BD8: 00 00 00 00 00 00 00 00
0BE0: 00 00 00 00 00 00 00 00
0BE8: 00 00 00 00 00 00 00 00
0BF0: 00 00 00 00 00 00 00 00
0BF8: 00 00 00 00 00 00 00 00
0C00: 00 00 00 00 00 00 00 00
0C08: 00 00 00 00 00 00 00 00
0C10: 00 00 00 00 00 00 00 00
0C18: 00 00 00 00 00 00 00 00
0C20: 00 00 00 00 00 00 00 00
0C28: 00 00 00 00 00 00 00 00
0C30: 00 00 00 00 00 00 00 00
0C38: 00 00 00 00 00 00 00 00
0C40: 00 00 00 00 00 00 00 00
0C48: 00 00 00 00 00 00 00 00
0C50: 00 00 00 00 00 00 00 00
0C58: 00 00 00 00 00 00 00 00
0C60: 00 00 00 00 00 00 00 00
0C68: 00 00 00 00 00 00 00 00
0C70: 00 00 00 00 00 00 00 00
0C78: 00 00 00 00 00 00 00 00
0C80: 00 00 00 00 00 00 00 00
0C88: 00 00 00 00 00 00 00 00
0C90: 00 00 00 00 00 00 00 00
0C98: 00 00 00 00 00 00 00 00
0CA0: 00 00 00 00 00 00 00 00
0CA8: 00 00 00 00 00 00 00 00
0CB0: 00 00 00 00 00 00 00 00
0CB8: 00 00 00 00 00 00 00 00
0CC0: 00 00 00 00 00 00 00 00
0CC8: 00 00 00 00 00 00 00 00
0CD0: 00 00 00 00 00 00 00 00
0CD8: 00 00 00 00 00 00 00 00
0CE0: 00 00 00 00 00 00 00 00
0CE8: 00 00 00 00 00 00 00 00
0CF0: 00 00 00 00 00 00 00 00
0CF8: 00 00 00 00 00 00 00 00
0D00: 00 00 00 00 00 00 00 00
0D08: 00 00 00 00 00 00 00 00
0D10: 00 00 00 00 00 00 00 00
0D18: 00 00 00 00 00 00 00 00
0D20: 00 00 00 00 00 00 00 00
0D28: 00 00 00 00 00 00 00 00
0D30: 00 00 00 00 00 00 00 00
0D38: 00 00 00 00 00 00 00 00
0D40: 00 00 00 00 00 00 00 00
0D48: 00 00 00 00 00 00 00 00
0D50: 00 00 00 00 00 00 00 00
0D58: 00 00 00 00 00 00 00 00
0D60: 00 00 00 00 00 00 00 00
0D68: 00 00 00 00 00 00 00 00
0D70: 00 00 00 00 00 00 00 00
0D78: 00 00 00 00 00 00 00 00
0D80: 00 00 00 00 00 00 00 00
0D88: 00 00 00 00 00 00 00 00
0D90: 00 00 00 00 00 00 00 00
0D98: 00 00 00 00 00 00 00 00
0DA0: 00 00 00 00 00 00 00 00
0DA8: 00 00 00 00 00 00 00 00
0DB0: 00 00 00 00 00 00 00 00
0DB8: 00 00 00 00 00 00 00 00
0DC0: 00 00 00 00 00 00 16 64
0DC8: 00 61 28 D2 A0 C5 A0 D6
0DD0: A0 C5 A0 D2 A0 D3 A0 C5
0DD8: 29 03 63 01 12 6E 00 4F
0DE0: C1 34 B9 09 00 72 44 C2
0DE8: 34 B9 09 00 72 01 09 73
0DF0: 00 D4 71 B0 00 00 01 1A
0DF8: 78 00 55 C9 56 B1 01 00
0E00: 57 B9 09 00 03 C1 2D C9
0E08: 72 71 B0 00 00 03 59 C9
0E10: 01 0E 82 00 55 C9 56 B1
0E18: 01 00 57 B9 09 00 01 10
0E20: 8C 00 CA 71 2F 3F B2 14
0E28: 00 72 12 B1 01 00 01 0E
0E30: 96 00 60 CA 19 B9 09 00
0E38: 24 B1 8C 00 01 11 A0 00
0E40: 60 C1 2D CA 72 17 B0 00
0E48: 00 24 25 0A 00 61 28 D7
0E50: C5 CC C3 CF CD C5 A0 D4
0E58: CF A0 D2 CF C3 CB A0 D0
0E60: C1 D0 C5 D2 A0 D3 C3 C9
0E68: D3 D3 CF D2 D3 29 01 0C
0E70: 14 00 4E D6 40 22 B1 0A
0E78: 00 72 01 23 1E 00 53 28
0E80: D2 CF C3 CB A0 CF D2 A0
0E88: D0 C1 D0 C5 D2 A0 CF D2
0E90: A0 D3 C3 C9 D3 D3 CF D2
0E98: D3 29 26 D6 40 01 12 28
0EA0: 00 60 D6 40 39 28 D2 CF
0EA8: C3 CB 29 24 B1 64 00 01
0EB0: 13 32 00 60 D6 40 39 28
0EB8: D0 C1 D0 C5 D2 29 24 B2
0EC0: C8 00 01 16 3C 00 60 D6
0EC8: 40 39 28 D3 C3 C9 D3 D3
0ED0: CF D2 D3 29 24 B3 2C 01
0ED8: 01 0C 64 00 C1 71 2F 3F
0EE0: B2 02 00 72 01 0E 69 00
0EE8: 60 C1 16 B0 00 00 24 B1
0EF0: 78 00 01 0E 6E 00 60 C1
0EF8: 16 B1 01 00 24 B1 82 00
0F00: 01 15 78 00 61 28 D0 C1
0F08: D0 C5 D2 A0 D9 CF D5 A0
0F10: CC CF D3 C5 29 01 08 7D
0F18: 00 5F B3 1E 00 01 17 82
0F20: 00 61 28 D3 C3 C9 D3 D3
0F28: CF D2 D3 A0 D9 CF D5 A0
0F30: D7 C9 CE 29 01 08 87 00
0F38: 5F B3 1E 00 01 0C C8 00
0F40: C1 71 2F 3F B2 02 00 72
0F48: 01 0E CD 00 60 C1 16 B0
0F50: 00 00 24 B2 DC 00 01 0E
0F58: D2 00 60 C1 16 B1 01 00
0F60: 24 B2 E6 00 01 18 DC 00
0F68: 61 28 D3 C3 C9 D3 D3 CF
0F70: D2 D3 A0 D9 CF D5 A0 CC
0F78: CF D3 C5 29 01 08 E1 00
0F80: 5F B3 1E 00 01 13 E6 00
0F88: 61 28 D2 CF C3 CB A0 D9
0F90: CF D5 A0 D7 C9 CE 29 01
0F98: 08 EB 00 5F B3 1E 00 01
0FA0: 0C 2C 01 C1 71 2F 3F B2
0FA8: 02 00 72 01 0E 31 01 60
0FB0: C1 16 B0 00 00 24 B3 40
0FB8: 01 01 0E 36 01 60 C1 16
0FC0: B1 01 00 24 B3 4A 01 01
0FC8: 14 40 01 61 28 D2 CF C3
0FD0: CB A0 D9 CF D5 A0 CC CF
0FD8: D3 C5 29 01 08 45 01 5F
0FE0: B3 1E 00 01 14 4A 01 61
0FE8: 28 D0 C1 D0 C5 D2 A0 D9
0FF0: CF D5 A0 D7 C9 CE 29 01
0FF8: 08 4F 01 5F B3 1E 00 01
